Measured Diameters
  3.63
 10.19
  3.52
  2.67
  2.35
  8.33
  2.46
  3.19
  2.78
  2.52
  2.46
  3.48
  5.55
  3.06
  3.89
  3.28
  3.36
  2.92
 12.34
  2.40
  2.57
  3.36
  3.56
  2.29
  2.82
  3.40
  3.23
  7.19
  2.73
  7.40
  3.52
  4.20
  3.06
 11.04
  3.48
  3.56
  3.63
  3.36
  3.19
  3.40
  5.45
  3.44
  7.40
  4.10
  3.52
  5.79
  3.71
  5.48
  7.67
  2.97
  2.82
  8.23
  4.20
  2.23
  3.28
  2.73
  2.97
  5.96
  3.63
  8.09
  3.32
 12.19
  4.06
  4.45
  3.71
