Measured Diameters
  7.00
  2.62
  4.26
  2.87
  4.20
  9.37
  6.51
  6.82
 12.93
  6.25
  2.73
  3.96
 10.10
  2.03
  3.15
  2.29
  4.00
  8.43
  5.14
  7.04
  3.36
 10.52
  8.96
  7.73
  2.16
  5.09
  6.29
  2.46
  4.03
  3.19
  2.87
  5.27
  2.46
  3.23
  3.19
  4.33
  8.28
  3.32
  8.92
  3.60
  3.10
  6.68
  3.52
  4.51
  6.86
  8.90
  3.56
  3.36
  4.16
  7.12
  3.40
  2.67
  4.20
  3.60
  8.11
  2.87
  9.60
  3.40
  2.46
  2.03
  8.13
 10.01
  3.63
