Measured Diameters
  9.74
  3.52
  6.23
  4.03
  3.82
  3.32
  5.11
  3.60
  4.03
  4.13
  7.06
  9.44
  3.63
  3.06
  3.01
  3.40
  2.03
 13.43
  3.10
  2.16
  3.71
  3.60
  3.44
  2.67
  3.44
  3.01
  3.15
  3.28
  3.01
  3.71
  2.92
  6.86
  9.13
  2.03
  3.10
  4.26
  6.38
  3.63
  4.00
  3.48
  3.89
  5.09
  3.36
  4.66
  4.89
  3.93
  8.79
  3.52
  4.66
  5.91
  3.23
  4.03
  2.97
  2.52
  2.16
  2.82
  2.67
 11.17
  9.57
  4.03
 11.00
  3.63
  6.61
  3.63
  3.48
