Measured Diameters
  3.15
  2.97
  2.35
  3.19
  2.35
  2.29
  9.18
  3.23
  6.68
  3.36
  7.83
  3.28
  4.48
  3.75
  2.46
  3.28
  3.96
  2.29
  6.53
  3.56
  2.35
  3.85
  5.09
  3.71
  9.60
  6.57
  7.94
  3.32
  6.94
  3.78
  3.71
  4.48
  3.10
  3.32
 15.56
  3.63
  7.64
 11.25
  3.44
  3.40
  4.33
  2.10
  2.73
  2.82
  3.36
  3.23
  3.67
  3.78
  5.14
  4.29
  3.10
  2.87
  2.40
  3.36
  3.23
  3.71
  3.28
  2.87
  3.36
  3.23
  3.19
  2.29
  6.16
  5.35
