Measured Diameters
  2.78
  3.06
  2.29
  3.23
  7.00
  3.52
  3.71
  5.82
  2.92
  2.35
  2.82
  9.56
  4.78
  2.78
  3.82
  8.64
  6.74
  7.67
  6.27
  3.32
  2.62
  2.40
  7.29
  2.67
  2.03
  7.23
  3.44
  5.43
  2.46
  3.56
  3.32
  2.73
  3.56
  4.13
 11.43
  2.52
  3.56
  3.32
  3.23
  2.57
  3.28
  4.03
  4.06
  3.06
  6.76
  7.12
  2.52
  2.40
  5.60
  2.67
  2.82
  8.16
  7.97
  2.87
  7.67
  3.23
  2.67
  3.48
  5.50
  3.40
  3.23
  2.03
