Measured Diameters
  3.82
  6.68
  3.32
  3.32
  4.06
  3.36
  3.40
  4.89
  2.78
  3.85
  3.89
  2.78
  3.63
  7.04
  9.54
  3.82
  8.36
  3.28
  7.60
  2.35
  3.28
  3.36
  2.35
  4.48
  4.06
  3.78
  7.44
  8.70
  9.64
  3.06
  5.55
  4.20
  3.60
  2.23
  3.63
  2.10
 11.38
  3.23
  4.33
  2.78
  4.29
 11.64
  4.16
  3.28
  4.39
  4.60
  5.09
  4.72
  3.82
  3.93
  6.61
  6.88
  2.40
  2.62
  5.75
  3.89
  6.25
  3.36
  3.75
  3.48
  2.10
  9.41
  2.67
  3.85
  3.56
  3.82
