Measured Diameters
  2.73
  3.75
 11.77
  3.85
  3.19
  3.10
  4.69
  7.97
  3.19
  7.36
  5.48
  3.82
  3.23
  2.67
  3.19
  3.78
  3.06
  3.71
  3.40
  3.32
  9.95
  3.06
  4.00
  7.89
  3.75
  2.46
  3.89
  2.16
  3.40
  3.10
  2.52
  4.42
  3.32
  2.97
  2.73
  3.71
  3.89
  3.23
  3.10
  5.11
  8.51
  3.23
  3.01
  3.93
  6.38
  7.71
  3.15
  3.32
  3.96
  2.82
  3.89
  8.26
  3.06
  2.73
  4.92
  3.67
  3.89
  3.01
  3.01
  7.92
  3.60
  3.67
  3.63
  5.82
  7.75
  3.85
