Measured Diameters
  2.78
  3.40
  2.29
  4.69
  2.67
  2.82
  2.10
  6.49
  2.97
  2.23
  2.67
  2.92
  2.92
  3.23
  3.93
  3.40
  3.28
  7.42
  3.36
  3.15
  6.34
  9.62
  7.49
  4.51
  5.70
  7.15
 10.58
  2.29
  2.97
  3.19
  3.32
  3.06
  3.40
  7.38
  5.87
  5.03
  3.75
  2.40
  3.06
  2.82
 10.28
  8.67
  3.36
  3.40
  3.75
  3.19
  2.78
  3.71
  2.67
  3.01
  2.87
  2.46
  2.78
 11.20
  4.20
  5.77
  5.67
  3.60
  4.39
  5.14
  3.01
  9.41
  3.28
  8.01
  2.52
  3.19
  2.62
  3.23
  3.75
  2.82
 10.75
  5.22
