Measured Diameters
  8.16
  8.39
  3.60
  8.73
  3.19
  9.03
  2.03
  2.67
  4.84
  2.62
  3.10
  3.48
  3.75
 12.10
  3.36
  4.89
  8.01
  5.22
  6.66
  5.48
  2.82
  3.10
  3.78
  2.73
  3.78
  9.60
  9.15
  2.87
  6.92
  9.54
  3.23
  3.28
  3.56
  7.69
  4.86
  4.16
  6.94
  2.67
  4.39
  3.75
  3.67
  3.36
  6.00
  2.62
  4.57
  8.89
  2.23
 10.99
  2.40
  2.82
 10.56
  2.62
 16.19
  5.11
  4.51
  4.26
  2.82
  2.03
  3.10
  5.63
  4.39
