Measured Diameters
  3.28
  3.52
  7.46
  2.97
  2.87
  3.10
  2.92
  2.67
  3.52
  3.40
  4.48
  3.32
  2.29
  3.48
  3.89
  3.71
  3.78
  3.40
  3.78
  6.45
  3.15
  6.10
  6.55
  3.52
  3.23
  2.92
  3.36
  3.23
  3.85
 10.52
  2.29
  2.03
  2.97
  4.13
  2.62
  2.03
  2.87
  6.84
  3.15
  6.94
  2.92
 10.65
  2.97
  7.83
  3.93
  3.67
  3.36
  8.18
  2.73
  2.92
  3.71
  2.62
  2.87
  3.06
 11.40
  3.67
  6.90
  3.63
  3.85
  3.56
  4.81
 11.80
  3.40
  6.00
  3.01
  2.92
  9.03
  3.60
  3.32
  2.10
  2.62
