Measured Diameters
  3.71
  3.78
  2.67
 16.55
  4.63
  2.87
  9.10
  2.73
  9.06
  2.35
  3.89
  3.85
  2.82
  3.32
  8.99
  2.46
  2.03
  3.44
  2.62
  3.36
  4.06
  2.23
 12.00
 10.90
  2.46
  3.44
  2.40
  7.29
  4.45
  7.40
 10.74
  8.24
  3.19
  3.36
  3.01
  2.16
  2.46
  2.52
  4.23
  3.75
  2.87
  2.29
  2.92
  3.85
  2.16
 10.44
  4.57
  2.40
  3.60
  2.16
  3.89
  3.36
  5.84
  5.00
 10.88
  3.23
  3.63
  3.15
  7.80
  4.00
  5.40
  2.92
  4.13
  5.50
  6.57
