Measured Diameters
  3.75
  8.24
  2.78
  6.07
  3.06
  3.82
  3.36
  3.78
  3.71
 10.75
  4.23
  7.19
  2.16
  2.57
  3.15
  4.20
  2.35
  8.13
  4.16
  8.28
 10.47
  8.92
  3.36
 18.44
  3.60
  3.60
  3.85
 11.73
  3.67
  2.40
  2.40
  3.60
  3.48
  3.48
  3.01
  8.09
  2.62
  4.66
  8.28
  3.85
  2.16
  4.13
  5.87
  2.23
  4.13
  2.29
  5.58
  2.57
  2.29
  2.67
  5.14
  3.06
  2.23
  5.06
  3.56
  2.52
  3.36
  8.62
  8.96
  2.46
  3.40
  2.29
  3.36
  9.10
  2.97
  2.03
  5.55
 10.24
 11.62
  3.23
 15.92
  4.48
  6.00
