Measured Diameters
  3.44
  3.06
  2.73
  3.67
  4.03
  4.29
  3.32
  9.50
  3.89
  2.29
  4.39
  3.19
  3.32
  3.52
  3.85
  3.19
  2.87
  3.10
  3.56
  2.46
  2.35
  2.16
  8.41
  3.52
  3.23
  3.23
  3.48
  2.40
  4.60
  3.06
  3.67
  3.75
  3.36
  6.32
  3.15
  2.52
  2.73
  3.44
  3.52
  2.46
  2.10
  4.29
  4.00
  3.10
  2.23
  3.48
  7.08
  4.23
  3.06
  8.19
  2.73
  3.10
  2.78
  3.19
  8.75
  4.00
  3.56
  2.10
  4.23
  5.65
  3.01
 11.46
  2.46
  8.04
  3.82
  2.82
  4.75
