Measured Diameters
  3.52
  2.82
  2.62
  3.15
  3.78
  3.67
  3.60
  3.23
  8.09
  2.57
  2.73
  2.73
  3.10
  2.57
  2.03
  3.75
  3.75
  6.92
  3.23
  3.36
  3.36
  2.03
  2.62
  2.78
  2.97
  3.23
  7.33
  3.96
  3.52
  3.28
  3.56
  3.28
  3.23
  2.78
  4.95
  3.71
  2.97
  2.03
  3.56
  3.15
  2.92
  3.67
  2.40
  3.19
  3.44
  4.45
  3.19
  8.76
  2.67
  2.97
  6.32
  2.97
  2.82
  2.35
  4.95
  2.62
  3.71
  3.93
  9.06
  7.31
  2.52
  2.82
  2.92
  2.92
  2.92
  4.13
