Measured Diameters
  2.23
  2.92
  7.71
  7.66
  6.92
  3.71
  2.46
  2.62
  2.78
  6.45
  2.92
  2.87
  3.44
  2.57
  3.15
  3.15
  4.60
  2.78
  2.29
  6.40
  6.66
  2.78
  3.06
  2.35
  3.23
  2.73
  3.56
  3.40
  7.64
  3.06
  3.10
  7.57
  3.23
  7.33
  2.82
  4.16
  2.16
  2.62
  3.32
  6.32
  7.38
  3.85
  4.20
  3.75
  3.15
  3.32
  2.46
  3.60
  2.82
  2.52
  3.28
  3.15
  3.48
  2.82
  3.44
  3.75
  2.78
  2.40
  3.75
  3.48
  6.12
  2.87
  5.43
  2.78
  2.82
  3.28
  2.35
  3.10
  2.57
