Measured Diameters
  4.23
  3.28
  2.82
  2.62
  9.12
  3.06
  3.40
  3.32
  2.29
  3.60
  3.01
  3.52
  4.86
  2.73
  3.75
 10.83
  2.92
  4.06
  6.40
  2.10
  2.23
  7.92
  3.89
  3.28
  3.06
  2.40
  3.82
  2.57
  2.97
  4.63
  3.06
  8.64
  3.01
  3.32
  3.60
  2.82
  4.06
  3.15
  4.23
 10.79
  2.92
  3.75
  2.10
  2.52
  3.71
  2.67
  4.36
  8.62
  3.36
  4.29
  2.73
  3.56
  2.87
  7.49
  3.01
  2.62
  5.03
  7.10
  3.40
 10.92
  3.10
  2.29
  3.44
  2.35
  2.97
 18.11
  3.89
  8.09
  3.01
  2.87
  3.36
  3.06
  4.20
  4.78
  3.48
