Measured Diameters
 10.41
  3.82
  3.48
  2.92
  3.89
  4.00
  3.15
  2.57
  2.03
  9.64
  4.33
  3.56
  3.52
  3.82
  7.17
  4.66
  8.64
  3.10
  4.63
  7.85
  3.52
  3.67
  3.93
  4.03
  3.48
  5.00
  2.35
  3.52
  4.72
  5.09
  3.19
  2.52
  2.92
  2.10
  2.87
  3.63
  2.52
  3.48
  3.06
  3.15
  3.60
  2.67
  2.23
  3.48
  4.20
  3.40
  3.52
  3.15
  5.50
  3.36
  3.10
  2.62
  3.96
  3.06
 10.24
  7.60
  4.57
  3.52
  5.09
  4.39
  3.67
  6.96
  2.97
