Measured Diameters
  2.23
  3.52
  5.75
  2.23
  7.17
  2.57
  3.19
  4.29
  2.52
  3.78
  3.78
  4.45
  3.56
  3.44
  2.57
  2.29
  4.54
  2.73
  3.01
  2.52
 10.57
 10.56
  2.10
  4.26
  6.36
  4.57
  9.72
  2.23
  2.40
  2.62
  3.78
  2.52
  2.29
  3.01
  2.03
  3.10
  4.10
  6.59
  3.44
  3.75
  3.01
  2.73
  4.57
  2.40
  3.71
  2.87
  3.15
  3.36
  9.50
  4.63
  2.16
  2.40
  2.62
  2.82
  4.06
  3.67
  3.52
  4.89
  8.52
 11.09
  3.75
