Measured Diameters
  2.67
  3.82
  5.98
  2.35
  3.85
  5.19
  3.23
  2.97
  2.87
  3.44
  6.84
  4.00
  4.13
  3.71
  2.35
  2.82
  4.54
  3.32
  2.40
  4.29
  3.23
  3.10
  3.01
  8.64
  2.78
  3.28
 13.30
  3.52
  7.87
  2.46
  3.63
  7.40
  3.60
  3.93
  3.32
  2.23
  2.92
  2.62
  2.40
 11.87
  2.10
  2.97
  6.49
  2.29
  2.35
  4.03
  3.10
  2.78
  3.67
  2.29
  3.32
  4.10
  3.40
  3.48
 11.14
  2.78
  3.67
  2.97
  3.01
  4.60
  4.20
  2.92
