Measured Diameters
  3.71
  3.52
  2.29
  2.35
  3.06
  3.40
  6.18
  3.71
  3.89
  2.46
  7.46
  2.78
  3.67
  3.28
  3.06
  3.19
  5.75
  8.34
  2.03
  3.23
  7.49
  3.75
  7.17
  2.10
  3.10
  5.45
  7.60
  5.22
  2.52
  3.10
  3.10
  3.10
  9.09
  3.36
  3.52
  3.32
  4.03
  8.75
  2.57
  2.40
  3.10
  2.97
  4.29
  2.35
  4.42
  3.01
  3.52
  3.15
  4.16
  3.19
  3.93
  2.82
  3.48
  2.10
  7.27
  5.40
  2.67
  7.14
  3.63
  3.56
  2.82
  7.58
  5.87
  2.82
  3.67
  2.23
  9.27
  5.63
  2.29
  2.03
  3.48
  3.23
  4.23
  8.38
  3.67
  2.35
