Measured Diameters
  4.51
  2.87
  8.21
  3.06
  4.42
  3.89
  7.60
  2.40
  2.73
  3.28
  3.01
  3.40
  2.78
  2.87
  3.06
  3.23
  7.71
  2.97
  3.06
  3.96
  3.15
  4.06
  3.40
  4.92
  4.69
  8.36
  3.01
  4.29
  2.52
  5.06
  4.66
  2.82
  2.82
  4.00
  2.97
  2.97
  2.97
  3.32
  5.00
  3.01
  7.66
  7.31
  3.89
  3.19
  2.29
  3.10
  4.81
  3.19
 10.88
  5.70
  2.92
  2.16
  3.78
  3.96
  2.82
  3.36
  7.64
 11.20
  2.46
 10.60
