Measured Diameters
  3.52
  8.41
  2.78
  2.23
  2.40
  2.97
  4.06
  2.57
  2.92
  2.67
  2.57
  3.19
  8.39
  7.55
  3.48
  3.52
  9.24
  3.78
  5.14
  2.35
  6.47
  4.20
  2.92
  3.10
  2.67
  2.67
  3.15
  3.75
  3.93
  4.75
  8.28
  3.60
  3.23
 10.24
  4.03
  8.08
  3.48
  3.82
  3.40
  6.45
  8.44
  5.93
  3.23
  7.66
  3.06
  3.23
  2.62
  2.87
  5.22
  2.62
  3.32
  3.32
  2.40
  4.06
  2.46
  8.96
  3.36
  7.12
  6.84
  2.62
  2.87
  7.82
  8.26
  3.60
  3.48
  3.15
  2.82
  2.62
  3.48
  4.72
  3.32
  4.23
  3.44
  3.32
  2.57
  2.03
