Measured Diameters
  3.44
  3.63
  2.82
  9.60
  5.87
  4.03
  6.10
  8.09
  2.10
  7.99
 12.45
  7.58
  4.57
  3.75
  6.53
  8.92
  4.45
  4.57
  3.82
  3.23
  2.97
  8.68
  3.60
  3.28
  7.34
  4.78
  2.97
  3.60
  2.29
  3.32
  4.60
  2.10
  2.82
  2.87
  2.35
  6.72
  7.71
  7.38
  3.82
  3.19
  2.97
  5.19
  3.44
  6.64
  2.57
  3.23
  3.52
  2.03
  4.00
  2.29
  3.23
  3.15
  3.52
  4.54
  3.44
  4.98
  2.10
  3.71
  2.97
  4.03
  3.85
  3.40
  3.32
  3.23
 12.47
  9.12
  3.32
  3.44
  3.85
  3.89
  4.86
  4.48
  2.23
  5.22
  4.33
  7.34
  3.78
  4.95
