Measured Diameters
  2.40
 11.90
  9.54
  3.89
  9.47
  3.44
  7.71
  2.23
  3.56
  4.51
  3.19
  3.40
  2.87
  2.87
  2.67
  2.23
  4.60
  2.62
  6.29
  3.75
  6.59
  8.33
  2.62
  4.81
  3.93
  4.23
  3.93
  7.10
  8.31
  2.73
  4.16
  3.06
  5.00
  9.57
 11.19
  4.78
  9.15
 12.34
  2.16
  2.35
  3.71
  3.78
  4.23
  9.53
  4.26
  8.36
  2.10
  2.87
  2.52
  2.10
  3.52
  2.67
  4.33
  7.58
  3.71
  3.01
  5.43
  4.03
  3.10
  3.01
 12.01
  2.03
  3.85
  8.06
  3.67
  2.78
  3.19
  2.82
  8.65
  6.84
  3.19
  4.16
  4.36
  6.03
  5.40
  3.23
