Measured Diameters
  2.92
  3.52
  3.15
  4.66
 10.25
  8.06
  2.78
  7.58
  3.89
  3.10
  3.06
  4.00
  3.01
  7.10
  4.20
  3.01
  4.48
  3.28
 10.17
  3.01
  2.52
  2.82
  3.85
  6.66
  2.23
  3.15
  4.29
  2.78
  3.82
  3.19
  3.23
  3.19
  3.71
  2.35
  3.23
  7.51
  2.57
 12.55
  8.29
  3.32
  2.87
  3.78
  8.28
  2.46
  3.01
  2.03
  2.35
  4.69
  3.60
  7.57
  3.10
  4.16
  2.97
  4.13
  2.82
  2.67
  3.75
  3.82
  4.03
  2.78
