Measured Diameters
  7.27
  5.17
  3.32
  3.36
  3.67
  3.23
  3.28
  7.47
  2.92
  6.34
  5.43
  8.60
  2.40
  3.40
  2.67
  7.78
  2.29
  6.78
  3.15
  4.69
  2.73
  3.28
  2.73
  4.45
 11.04
  7.34
  2.97
  7.44
  3.78
  6.25
  2.78
  3.93
  2.46
  2.97
  2.73
  2.23
  3.40
  8.09
  3.56
  2.40
  2.97
  3.63
  3.52
  2.03
  2.82
  7.49
  4.60
  2.40
  5.75
  3.60
  3.28
  3.44
  3.23
  6.23
  5.11
  3.36
  2.92
  3.32
  3.63
  3.44
  8.14
  7.97
  4.54
