Measured Diameters
  7.64
  3.23
  3.32
  6.49
  4.42
  4.00
  3.19
  3.19
  2.40
  2.03
  3.63
  6.84
  3.15
  5.32
  5.17
  4.16
  3.28
  5.50
  4.13
  3.01
  2.82
  2.40
  7.90
  3.15
  3.32
  2.87
  3.01
  2.67
  2.46
  3.23
  4.54
  7.06
  4.95
  2.82
 12.47
  4.36
  8.31
  3.89
  7.19
  2.82
  3.15
  3.06
  2.23
  3.23
  2.92
  3.52
  3.19
  2.67
  6.23
  2.03
  4.36
  2.92
  2.57
  2.97
  4.81
  5.58
  3.52
  8.73
  3.32
  4.16
  2.29
  5.70
  2.97
  2.92
  9.46
  2.92
  3.82
  2.73
  3.06
  4.45
  2.82
  3.82
  7.02
  2.40
  3.36
  3.56
  4.72
  3.67
 13.64
