Measured Diameters
  5.65
 10.71
  9.66
  3.48
 11.24
 14.88
  6.66
  2.82
  3.01
 16.56
  4.13
  3.28
 18.83
  2.57
  2.97
  6.42
  2.03
  3.48
  8.26
  9.25
  3.19
  8.99
 10.75
  7.76
  2.46
 13.67
  2.23
  2.73
 13.77
  5.84
  3.67
  3.75
  2.87
  8.67
  3.71
  3.85
  4.23
  4.20
  4.20
  9.18
  4.06
  4.60
  2.23
  3.63
  3.19
  2.67
  3.44
  3.15
  4.23
  3.78
  3.23
 12.56
  3.60
  4.23
  7.04
  4.75
  2.87
  4.60
  3.52
  7.64
  3.06
  2.52
  3.71
  2.73
  4.84
  7.02
  2.87
  2.10
