Measured Diameters
  2.67
  3.71
  7.23
  3.60
  7.64
  7.94
  2.97
  2.46
  8.68
  8.38
  8.24
  9.35
  6.25
  2.03
 12.75
  2.87
  3.52
  2.67
  3.06
  3.19
  2.29
  2.97
  3.15
 10.10
  7.89
  9.06
  2.23
  3.56
  3.85
  9.46
  2.78
  4.75
  2.92
  3.89
  3.36
  3.19
  4.69
  5.45
  2.78
  4.48
  3.01
  3.82
  3.85
  3.28
  3.48
  2.87
  5.03
  4.23
  2.62
  2.82
  3.48
  3.89
  3.06
  8.92
  5.45
  7.46
  7.83
  4.75
  6.96
  3.85
 13.14
  2.03
  3.56
  3.56
