Measured Diameters
  2.82
  2.29
  5.43
  4.20
  3.01
  3.40
  6.78
 10.74
  2.78
  2.87
  2.97
  2.52
  5.38
  8.65
  3.40
  3.56
  7.55
  2.57
  2.78
  2.87
  3.06
  7.55
  2.92
  3.75
  3.96
  6.55
  2.52
  3.71
  2.97
  2.92
  5.65
  8.76
  6.45
  3.01
  3.40
  2.78
  2.97
  3.15
  3.71
  7.25
  3.89
  6.23
  8.72
  2.03
  3.06
  3.19
  9.46
  2.62
  2.52
  3.28
  3.28
  8.33
  4.84
  8.70
  3.44
  3.48
  3.19
  3.06
  2.40
  9.60
  2.57
 10.37
  9.88
