Measured Diameters
  5.17
  2.67
  7.82
  3.19
  3.63
  2.46
  2.67
  3.52
  2.87
  6.68
  5.93
  3.56
  3.48
  2.92
  4.72
  3.32
  2.46
  6.66
  2.82
  7.76
  2.35
  4.39
  7.17
  2.40
  2.97
  4.54
  2.78
  3.32
  2.52
  3.96
  2.62
  7.49
  3.06
  3.15
  7.67
  2.92
  3.19
  2.78
  5.79
  3.44
  3.71
  3.67
  3.60
  2.82
  4.00
  3.60
 10.81
  8.64
  3.23
  2.97
  2.97
  3.67
  2.82
  9.22
  3.52
  3.19
  8.16
  2.92
  8.23
  9.93
  3.36
  2.73
  6.82
  2.87
  3.67
