Measured Diameters
  3.01
  8.64
  6.61
  3.01
  6.90
  4.57
  7.62
  3.32
  8.49
  3.60
  2.67
  7.44
  5.50
  4.29
  3.89
  3.01
  3.67
  8.46
  3.15
  2.46
  3.23
  4.51
  3.06
  3.01
  6.12
  2.62
  3.06
  2.35
  3.23
  6.92
  2.78
  3.56
  2.40
  2.62
  9.38
  3.01
  2.57
  7.23
  3.82
  3.67
  3.85
  2.29
  2.35
  2.82
  3.96
  3.15
  2.97
  3.44
  2.57
  2.67
  5.65
  3.19
  5.25
  7.17
  4.45
  3.40
  4.81
  3.96
  2.92
  7.67
  3.10
  3.60
