Measured Diameters
  6.96
  9.60
 14.90
  7.34
  2.87
  2.10
  3.63
  2.35
  3.28
  3.06
  2.97
  3.19
  5.00
  3.10
  2.97
  2.16
  4.36
  2.62
  3.56
  6.14
  9.94
  5.77
  3.32
  3.15
  6.78
  8.95
  4.13
  3.28
  2.82
 12.46
  3.89
  6.14
  3.15
  3.28
  4.45
  2.82
  6.29
  4.81
  9.60
  2.87
  9.63
  2.82
  2.82
  8.44
  4.92
  2.29
  4.72
 12.41
  3.23
  2.87
  2.29
  8.46
  9.49
  2.97
  9.19
  2.40
  3.23
  7.60
  2.67
  7.97
