Measured Diameters
  3.15
  2.97
  3.40
  3.52
  4.95
  2.23
  3.01
  6.66
  4.13
  3.82
  5.65
  2.23
  3.52
  3.44
  6.94
  7.29
  2.87
  2.82
  3.56
  3.19
  2.03
 10.83
  7.55
  3.85
  3.93
  6.68
  3.01
  2.46
  3.96
  8.04
  2.52
  2.92
  2.16
  5.89
  3.19
  3.10
  3.71
  3.48
  7.69
  4.20
  3.75
  3.10
  2.40
  2.97
  7.15
  3.44
  3.82
  3.63
  2.16
  2.62
  4.03
  2.73
  3.52
  2.03
  2.29
  4.57
  3.19
  8.01
  4.10
  5.70
  3.28
  3.63
  2.97
  3.75
  2.87
  3.19
  2.23
