Measured Diameters
  3.19
  3.60
  5.00
  2.67
  2.46
  3.19
  2.35
  3.48
  2.52
  2.23
  5.63
  3.44
  2.46
  2.78
  3.19
  3.96
  3.01
  3.78
  4.29
  3.67
  3.15
  8.82
  6.45
  3.67
  3.78
  2.52
  2.82
 19.64
  3.48
  4.06
  2.10
  3.23
  3.60
  3.71
  2.03
  2.46
  5.22
  8.89
  3.60
  3.63
  5.30
  4.54
  2.97
  3.96
  3.06
  5.40
  3.32
  2.46
  7.62
  3.71
  2.57
  3.06
  3.01
  4.10
  2.73
  3.75
  3.19
  2.16
  2.62
  3.36
  9.07
  3.63
  2.23
  8.34
  2.92
  4.78
  2.03
  3.32
  2.97
