Measured Diameters
  2.92
  2.67
  2.29
  2.16
  5.35
  4.92
  2.52
  2.67
  2.73
  2.29
  2.10
  4.60
  3.96
  3.56
  3.44
  4.39
  5.27
  7.31
  2.40
  4.36
  3.36
  6.00
  6.96
  4.63
  2.40
  5.35
  9.30
  4.48
  3.01
  7.44
  4.00
 10.78
  3.67
  6.40
 10.13
  3.36
  2.10
  4.54
  3.75
  5.67
  3.10
  3.44
  3.75
  4.54
  9.95
  3.56
  2.23
 11.45
  3.89
  4.29
  4.78
  3.60
  4.42
  4.95
  2.10
  8.68
  4.60
  2.16
 10.76
  4.54
  2.78
  3.23
  5.91
 11.07
  3.36
  3.06
  3.93
  3.19
  3.60
  2.62
  2.92
  3.06
  5.22
  3.15
  4.75
  7.67
  2.52
  3.32
  3.32
  4.78
  2.67
  2.73
  5.25
  3.93
  6.55
  3.71
  2.62
  3.96
  6.05
  3.06
  4.36
  3.44
  3.71
  4.36
 10.23
  3.06
  6.61
  3.89
 11.67
  2.29
  4.39
  2.29
  3.60
  3.93
  9.03
 10.75
  3.44
 10.24
  2.23
  7.55
 10.48
  8.54
  8.52
  3.89
  2.92
  2.16
  3.48
  3.48
  3.63
  4.57
  3.75
 11.51
  3.63
  6.10
  6.14
  2.67
  3.56
  2.40
  2.87
  8.90
  4.57
  3.96
  3.06
  2.29
  3.19
  8.36
  3.63
 10.79
  9.77
  4.26
  3.60
 12.89
  2.87
  9.15
  8.81
  2.40
  3.23
  3.28
  3.23
  3.48
  3.85
  4.39
  4.98
  3.01
  9.03
  5.38
  2.10
 10.10
  3.23
 11.66
  2.29
  8.02
  3.71
  8.01
  3.56
  7.73
  2.97
