Measured Diameters
 10.79
  6.21
  3.56
  2.40
  3.19
  2.82
  7.27
  2.29
  6.38
  5.06
  4.00
  3.48
 11.61
  2.62
  2.97
  3.75
  3.10
  2.78
 15.50
  5.65
  5.77
  3.71
  3.82
  6.57
  3.63
  2.40
  3.78
  3.06
  8.84
  3.23
  3.32
  2.87
  2.73
  3.06
  2.97
  2.73
  2.62
  3.23
  3.15
  4.42
  2.35
  2.16
  4.63
  7.87
  7.87
  3.23
  6.45
  2.82
  3.52
  3.36
  3.23
  3.52
  6.07
  7.25
  4.23
  2.73
  2.52
  2.57
  3.15
  3.56
  2.57
  8.09
  6.29
  3.19
  2.16
  3.23
  2.03
  3.10
  2.87
  2.10
  6.21
  2.16
  3.44
  2.03
  3.89
  3.01
  3.23
  5.75
  7.14
  2.62
  2.03
  2.46
  3.71
  4.20
  6.27
  2.52
  3.10
  2.73
  3.56
  2.62
  2.40
  2.57
  2.82
  3.44
  3.75
  3.19
  3.93
  3.10
  3.75
  4.81
  5.58
  3.01
  8.19
  2.82
  6.32
  3.75
  7.47
  3.44
  2.23
  3.01
  3.63
  5.82
  3.15
  3.01
  3.10
  2.29
  6.25
  6.64
  2.62
  4.54
  2.92
  8.19
  2.97
  3.44
  3.71
  4.13
  8.19
  3.19
  4.42
  3.60
  3.60
