Measured Diameters
  3.93
  3.10
  6.10
  3.56
  2.03
  2.16
  9.73
  2.57
 11.10
  6.47
  3.63
  3.40
  2.73
  2.40
  6.10
  5.27
  2.57
  2.97
  3.67
  3.63
  2.67
  3.82
  2.78
  3.48
  3.56
  3.36
  2.97
  7.92
  3.82
  3.01
  5.17
  2.23
  3.36
  3.01
  5.22
  2.10
  2.03
  2.92
  7.27
  3.63
  3.36
  3.48
  2.35
  2.97
  3.01
  2.52
  3.44
  3.52
  3.67
  5.14
  2.10
  2.16
  5.60
  7.60
  3.93
  9.19
  5.89
  2.97
  4.23
  2.52
  4.60
  2.46
  3.82
  2.52
  3.23
  3.78
  3.52
  6.68
  3.63
  3.36
  3.60
  5.35
  2.57
  2.46
  3.56
  4.03
  3.36
  2.57
  5.58
  2.57
  2.10
  7.19
  3.32
  2.16
  2.82
  2.03
  2.35
  3.67
  7.69
  2.82
  2.67
  3.85
  3.44
  3.89
  2.52
  2.46
  2.67
  4.06
  3.75
  3.01
  4.16
  3.63
  3.75
  3.06
  4.84
  9.25
  4.13
  7.53
  2.35
  3.56
  3.89
  2.10
  3.67
  3.19
  2.35
  3.60
  2.78
  2.57
  4.48
  6.76
  3.15
  3.06
 10.25
  2.35
  3.15
  3.15
  3.93
  3.60
  2.87
  2.62
  2.57
  3.40
