Measured Diameters
  2.23
  3.71
  4.23
  3.06
  2.03
  3.40
  2.92
  2.67
  5.00
  2.16
  3.32
  2.73
  3.96
  3.75
 10.65
  3.15
  7.49
  5.70
  2.03
  5.22
  3.01
  4.26
  5.84
  8.57
  3.40
  3.48
  2.57
 10.24
  3.23
  3.82
  2.87
  2.16
  4.00
  2.78
  8.99
  6.36
  3.60
  3.63
  2.35
  2.16
 12.44
  3.19
  2.10
  3.32
  4.45
  4.45
  2.87
  3.93
  8.26
  2.87
  3.23
  3.75
  2.73
  2.46
  4.16
  3.23
  3.56
  3.67
  4.10
  3.23
  5.11
  7.78
  3.06
  4.16
  3.15
  3.52
  4.03
 10.92
  2.23
  6.47
  2.78
  8.33
  2.78
  3.60
  6.34
  4.36
  3.10
  2.87
  2.35
  2.23
  2.67
  2.73
  4.39
  2.87
  3.23
  3.60
  9.46
  3.44
 22.14
  3.15
  3.78
  3.15
  3.19
  3.82
  9.19
  2.10
  4.42
 10.14
  2.78
  2.78
  2.92
  8.49
  7.97
  4.57
  4.06
  3.06
  3.67
  4.51
  4.26
  3.40
  3.56
  7.58
  3.40
  4.23
  9.07
  3.52
  4.60
  4.48
  3.60
  4.03
  4.45
  2.92
  2.78
  4.10
  4.33
  4.51
  2.52
  3.28
  3.82
  2.03
  8.43
  4.03
  3.06
  2.46
  3.15
  8.51
  4.20
  7.06
  2.78
 11.75
  2.62
  3.60
  7.14
  3.36
  3.75
  3.48
  2.57
  3.19
  3.60
  3.19
  2.46
  3.15
  3.36
  3.96
  9.79
  5.93
  2.40
  3.15
  2.82
  3.85
  3.75
