Measured Diameters
  7.75
  4.63
  8.68
  2.78
  3.63
  4.23
  2.23
  2.97
  2.03
  3.71
  3.67
  3.28
  3.60
  9.44
  2.29
  2.57
  4.36
  5.77
  4.26
  2.62
  4.16
  2.73
  4.03
  5.89
  3.15
  3.67
  4.20
  3.67
  4.13
  4.42
 10.78
  3.44
  5.09
  3.10
  3.23
  2.16
  4.23
  4.00
  2.29
 11.15
  3.96
  3.63
  4.66
  3.15
  3.01
  9.53
  2.29
  3.36
  4.36
  2.57
  6.07
  3.67
  3.10
  2.16
  3.75
  2.87
  3.36
  2.46
  2.46
  2.23
  4.89
  3.44
 10.54
  3.19
  5.38
  3.44
  2.46
  3.71
  4.48
  2.10
  4.69
  2.57
  8.11
  4.13
  2.46
  4.16
  2.16
  3.19
  2.52
  3.63
  3.71
  4.10
  4.03
  2.92
  3.71
  2.23
  6.00
  5.17
  4.60
  4.48
  2.92
  3.40
  2.82
  3.32
  2.87
  3.78
  4.51
  3.60
  3.19
  3.71
  3.19
  3.56
  2.57
  2.87
  2.35
  3.44
  9.12
  3.28
  4.16
  6.25
  2.10
  2.67
  3.15
  3.19
  3.28
  3.63
  3.28
  7.94
  4.92
  4.16
  2.82
  3.01
  4.66
  4.20
  2.82
  3.52
  3.85
  3.40
  3.44
  2.23
  3.75
  2.35
 10.62
  3.19
  3.44
  9.57
  3.82
  3.82
  3.40
  3.82
  3.96
  2.62
  2.46
  2.73
  2.57
  3.19
  3.75
  2.35
  3.85
  3.19
  3.40
  3.71
  3.75
  2.87
  8.72
  3.32
  3.23
  4.78
  3.63
  6.74
  2.73
  2.78
 16.66
  3.01
  4.20
  4.86
  9.76
  3.67
  3.67
  3.60
  4.26
  4.89
  4.66
  4.66
