Measured Diameters
  2.29
  3.32
  5.55
  5.22
  6.36
  3.89
  4.98
  4.29
  3.56
  2.40
  3.60
  3.32
  4.86
  3.44
 10.74
  3.06
  3.60
  3.06
  3.60
  4.23
  7.12
  3.52
  4.06
  3.93
  3.78
  4.92
  4.69
  4.26
  3.01
  4.51
  4.06
  7.96
  3.36
  6.21
  3.10
  3.78
  4.51
  4.16
  2.92
  6.78
  3.96
  3.48
  2.73
  3.23
  4.13
  2.57
  4.39
  7.71
  3.10
  3.36
 13.82
  3.63
  5.38
  3.93
  3.67
  4.26
  4.42
  3.28
  2.35
  2.92
  3.52
  4.81
  3.56
  4.03
  2.82
  3.82
 10.01
  3.85
  3.71
  5.22
  2.97
  3.48
  4.57
  3.71
  4.26
  2.78
  4.89
  8.08
  4.57
  3.40
 10.45
  2.35
  4.20
  4.23
 11.41
  8.41
  2.97
  4.39
  4.00
  2.78
  4.98
  4.42
  3.63
  4.10
  3.56
  3.56
 12.66
  4.16
  9.59
 12.00
 13.25
  4.26
  3.19
  5.11
 12.99
  2.03
  5.00
  4.36
  3.82
  2.87
  9.41
  8.86
  6.16
  3.82
  2.78
  5.58
  6.49
  3.10
  4.26
  4.06
  3.75
  7.58
  3.93
  3.67
  8.43
 12.54
  5.19
  7.85
  4.60
  4.23
  8.36
  4.33
  3.44
  4.33
  5.00
  2.73
  8.02
  9.38
 10.31
  3.36
  4.78
  4.81
  4.13
  3.28
  5.43
  5.43
  2.46
  4.51
  2.16
  3.52
  3.32
  3.48
  5.75
  3.96
  4.75
  4.23
  5.03
 11.87
  4.36
  3.52
  2.67
  6.96
  9.21
  7.73
  7.14
  4.89
  4.06
  3.78
  2.57
  3.48
  4.29
  4.29
  4.20
