Measured Diameters
  4.54
  2.10
 12.07
  2.52
  2.10
  3.10
 10.13
  4.03
  2.16
  2.57
  3.44
 10.80
  3.78
  8.46
 15.25
  4.06
 13.45
  3.44
 13.20
  7.14
  3.32
  3.71
  4.72
  2.78
  3.06
  2.16
  3.56
  3.40
  6.64
  2.87
  3.71
  4.33
  8.84
  5.14
  2.03
  5.55
  3.85
  2.78
  4.00
  4.26
  3.28
  3.19
  3.82
  3.60
  8.92
  2.16
 14.74
  3.63
  5.40
  3.32
  3.52
  2.82
  2.29
  5.53
  2.03
  2.10
  6.14
  3.56
  2.82
  3.40
  3.44
  3.67
  2.78
  3.36
  3.56
  3.10
  2.62
  3.48
  9.99
  8.01
  4.81
  7.97
  3.36
  2.10
  4.13
  4.10
  2.92
 10.62
  3.56
  3.85
  3.06
  2.10
  3.60
  3.10
  3.85
  2.67
  3.15
  2.62
  3.15
  2.46
  4.92
  2.10
  2.78
  2.35
  4.78
  2.57
  2.78
  2.57
  2.40
  2.46
  2.62
  7.53
  2.35
  8.18
  8.08
  5.43
  5.55
  3.23
  3.36
  4.33
  2.92
  3.44
  2.16
  4.00
  2.29
  2.46
  2.52
  3.75
  3.52
  9.16
  3.36
