Measured Diameters
  3.48
  3.23
  3.75
  3.78
  5.32
  4.36
  3.89
  5.06
  4.16
  3.36
  8.82
  8.47
  6.80
  3.71
  3.19
  7.34
  3.01
  3.36
  4.36
  8.41
  7.19
  3.78
  2.78
  7.99
  4.51
  3.85
  8.73
  4.10
  2.87
  4.10
  4.10
 10.87
  3.71
  8.29
 10.97
  8.13
  4.06
  4.33
  8.46
  2.35
  2.40
  4.20
 10.05
  3.19
  4.23
  3.85
  3.15
  3.96
  3.40
  6.23
  2.62
  4.20
  4.95
  4.39
  3.71
  4.98
  2.57
  4.63
  2.35
  3.71
  2.23
  3.23
 12.70
  2.82
  3.06
  4.63
  4.57
  3.52
  9.24
  2.87
  3.56
  2.82
  3.93
  4.60
  3.10
  4.16
  3.63
  4.00
  3.06
  4.20
  3.75
  5.43
  8.28
  4.03
  2.67
  4.13
  3.52
  3.40
  3.56
  4.69
  4.51
  6.96
  4.06
  5.45
  3.52
  3.32
  3.56
  3.78
  3.32
  7.33
  3.78
  3.85
  5.89
  8.23
  4.03
  2.46
 11.23
  3.10
  3.52
  4.00
  3.78
  6.78
  2.97
  3.56
  3.82
  5.22
  2.78
  3.44
  3.78
  2.82
  3.52
  5.22
  8.38
 10.08
  3.89
  4.20
  2.82
  4.69
  3.40
  4.16
  3.06
  9.50
  4.66
  4.26
  2.23
  4.42
  5.09
  3.60
  9.07
 11.87
  3.23
  2.10
  3.01
  2.67
  3.96
  3.28
  2.82
  3.56
  5.60
  2.97
  5.27
  3.48
  2.62
  2.57
  3.75
  4.45
  2.92
  8.02
  3.28
  3.19
  4.00
  6.42
  8.14
  8.98
 10.14
  3.23
  7.53
  3.36
  4.72
  4.16
  3.67
  3.89
  2.52
  4.89
  6.49
  3.36
  4.39
  4.45
