Measured Diameters
  9.83
  3.60
  3.48
 11.20
  7.00
  3.56
  8.18
  2.82
  4.75
  2.23
  3.60
  3.52
  4.13
  4.36
  4.48
  3.36
  4.06
  4.06
  2.67
  9.38
  3.36
  3.78
  7.42
  7.71
  2.29
  3.75
  2.16
  3.67
  2.46
  4.23
  3.75
  3.36
  3.44
  5.45
  2.29
  3.71
  5.22
  2.03
  3.89
  5.40
  4.20
  2.46
  2.29
  3.48
  8.92
  4.54
  3.23
  2.57
  6.00
 10.36
  4.60
  3.28
  2.62
  3.52
  8.44
  3.06
  4.95
  3.44
  9.03
  3.28
 10.44
  3.19
  5.43
  6.36
  3.36
  4.60
  6.80
  8.62
  2.35
 11.68
  3.82
  3.93
  2.73
  4.69
  2.73
  3.28
  3.93
  5.27
  3.28
  3.23
  4.16
  3.63
  3.82
  3.40
  2.46
  4.69
  4.81
  3.36
  3.48
  2.35
  3.52
  8.89
  3.32
  4.36
  4.48
  4.86
  6.53
  8.95
  3.36
  8.14
  4.57
  2.92
  2.92
  3.85
  3.82
  8.51
  8.93
  2.35
  2.82
  2.92
  4.86
  2.23
  2.23
  2.35
  8.02
  4.33
  5.00
  3.06
  4.57
  3.52
  4.20
  4.29
  4.23
  3.78
  3.96
  5.09
  8.24
  4.54
  3.15
  2.82
  3.78
  9.04
  3.44
  2.67
  4.13
 11.09
  3.85
  3.96
 10.36
  3.71
  3.60
  3.06
  4.06
  2.46
 12.05
  6.38
  3.28
  3.63
  3.56
  2.03
  2.40
  5.09
  2.73
  4.20
  3.67
  3.56
  8.87
  7.69
  4.84
  6.36
  8.86
  4.86
  7.44
