Measured Diameters
  2.73
  2.82
  3.28
  4.57
  5.19
  2.73
  2.57
  9.04
 10.71
  2.10
  8.19
  2.78
  3.32
  3.32
  2.16
  3.40
  2.57
  3.75
 11.19
  3.15
  2.92
  3.85
  3.52
  7.23
  3.19
  5.43
  9.40
  2.82
  3.44
  3.75
  2.92
  3.52
  2.97
  2.40
  2.46
  2.35
  8.76
 10.24
  5.00
  3.15
  7.04
  9.10
  3.15
  2.10
  3.71
  2.29
  2.78
  3.32
  2.73
  2.10
  3.10
  3.36
  4.20
  4.60
  4.36
  3.85
  2.03
  3.28
  4.20
  3.71
  3.93
  3.93
  7.90
  2.67
  3.28
  9.18
  3.78
  3.52
  4.06
  3.75
  3.28
  4.20
  8.16
  3.89
  3.63
  4.33
  2.78
  9.99
  4.98
  3.36
  4.16
  8.56
  3.63
  7.58
  6.29
  2.35
  8.01
  9.47
  3.10
  8.70
  2.78
  2.16
  7.34
  6.12
  9.16
  3.71
  4.60
  4.13
  2.52
  2.16
  2.73
  7.75
  9.93
  4.00
  8.60
  2.82
  2.35
  2.67
  2.40
  3.89
  4.20
  3.93
  7.46
  5.09
  6.07
  4.10
  2.57
  4.86
  8.28
  4.20
  3.71
  9.69
  3.48
  3.01
  3.01
  4.13
  3.78
  3.82
  5.98
  3.60
  3.36
  6.42
  3.40
  2.57
  3.93
  4.06
  4.63
  2.97
  6.45
  2.23
  3.63
  2.52
  4.51
  4.45
  6.10
  3.78
  3.67
  3.15
  4.92
  2.87
  3.19
  6.86
  8.28
  6.94
