Measured Diameters
  3.40
  3.36
  4.20
  3.56
  4.20
  3.56
  3.82
  3.23
  2.62
  2.78
  3.71
 10.20
  3.44
  4.16
  7.40
  2.92
  4.39
  3.71
  3.10
  3.78
  3.71
 11.30
  4.54
  3.96
 13.33
  2.57
  3.78
  3.36
  6.59
  3.44
  2.78
  2.03
  3.15
  6.34
  4.10
  4.10
  2.52
  2.03
  4.54
  6.47
  3.67
  9.43
  3.10
  3.71
  3.82
  2.46
  3.15
  3.01
  6.07
  2.57
  4.36
  4.10
  3.71
  2.03
  4.13
  8.81
  2.10
  5.72
  8.51
  3.10
  7.58
 10.74
  2.78
  3.19
  2.73
  3.32
  2.10
  4.10
 12.11
  3.28
  2.16
  2.87
  2.82
  3.89
  3.56
  2.82
  2.82
  4.45
  6.32
  2.73
  4.57
  3.85
  8.46
  2.10
  3.40
  3.40
 10.81
  3.32
  3.85
  3.48
  2.03
  4.39
  2.97
  2.67
  3.71
  3.56
  2.10
  3.19
  3.85
  2.29
  9.15
  7.29
  2.23
  3.32
  8.52
  2.35
  9.93
  8.82
  3.67
  2.97
  2.67
  2.82
  8.47
  5.75
  4.10
  3.60
  3.06
  9.33
