Measured Diameters
  3.15
  6.82
  3.15
  3.48
  2.92
  3.19
 10.27
  3.52
  2.78
  4.00
  3.01
  2.82
  2.62
  3.75
  3.44
  3.28
  3.36
  3.10
  3.23
  3.01
  4.06
  3.44
  2.67
  3.82
  4.16
  2.97
  4.16
  2.87
  2.10
  2.16
  2.97
  3.82
  3.23
  3.32
  2.62
  2.87
  2.92
  6.40
  3.36
  4.13
  4.00
  3.10
  2.82
  2.29
  5.79
  3.15
  2.52
  7.36
  6.82
  3.23
  2.46
  7.64
  3.93
  2.97
  2.29
  3.15
  3.15
  6.25
  4.45
  4.51
  2.57
  4.13
  3.67
  3.93
  2.92
  7.55
  9.54
  2.78
  2.82
  4.60
  3.19
  3.23
  2.16
  3.56
  8.99
  3.52
  3.19
  6.88
  2.92
  2.35
  2.82
  7.96
  2.73
  2.92
  2.73
 12.73
  2.62
  3.10
  3.19
  3.32
  3.19
  8.31
  2.73
  2.73
  2.82
  2.97
  2.78
  4.51
  3.44
  3.01
  2.82
  3.56
  3.06
  8.59
  5.67
  3.63
  4.03
  3.28
  3.06
  5.93
  5.38
  3.15
  3.15
  4.06
  3.75
  3.48
  2.97
  6.57
  4.51
