Measured Diameters
  3.78
  3.60
  2.62
  2.92
  7.02
  4.95
  2.35
  3.82
  3.71
  3.28
  4.16
  2.57
  8.96
  3.82
 11.71
  4.57
  4.10
  4.00
  2.87
  4.13
  3.52
  3.48
  3.67
  3.52
  3.93
  8.34
  8.28
  3.71
  6.86
  2.10
  8.81
  4.78
  4.06
  2.57
  4.42
  4.10
  3.78
  2.62
  3.93
  4.00
  3.48
  3.32
  3.93
  4.10
  2.73
  3.60
  4.89
  2.23
  3.82
  4.10
  3.71
  2.29
  3.89
  2.29
  4.57
  2.29
  8.28
  3.56
  2.87
  3.06
  2.23
  3.44
  8.04
  2.29
  2.46
  3.15
  2.03
  3.56
  2.10
  3.67
  5.72
  3.78
  4.78
  3.93
  3.96
  3.85
  3.15
  2.78
  5.25
  4.42
  4.29
  2.40
  2.46
  2.97
  4.84
  2.03
  7.06
  3.10
  7.69
  4.69
  4.13
  4.45
  2.29
  2.29
  3.28
  4.06
  3.36
  3.60
  3.01
  3.40
  2.57
  3.15
  6.29
  3.56
 12.25
  3.15
  2.52
  2.73
  4.26
  8.08
  6.40
  3.60
  2.35
  2.57
  8.08
  3.60
  4.36
  3.44
  2.57
  7.96
  5.27
  3.63
  2.16
  3.63
  3.32
  3.06
  2.92
  2.52
  2.03
  3.78
  2.46
  4.92
  8.43
  2.87
  3.15
  9.15
  5.75
  4.06
  7.83
  8.09
  3.63
  4.39
  2.67
  4.10
  2.10
  3.36
  7.76
  4.75
  8.90
  2.87
  3.71
  3.28
  3.89
  2.57
  3.85
  4.60
  2.23
  3.56
  4.29
  3.85
  3.78
  2.23
 10.69
  2.92
  6.21
