Measured Diameters
  4.92
  3.75
  2.10
  6.86
  3.89
  4.20
  3.60
 13.41
  4.06
  3.67
  4.29
  3.44
  3.28
  3.60
  3.28
 11.10
  3.63
  6.64
  2.73
  3.19
  6.00
  5.06
  3.32
  3.10
  3.06
  3.82
  7.94
  3.96
  3.06
  3.19
  4.10
  3.78
  4.06
  2.92
  5.17
  2.87
  3.71
  4.03
  3.75
  4.06
  3.63
  2.57
  3.75
  3.19
  3.28
  3.67
  4.95
  4.29
  3.28
  4.39
  4.16
  3.56
  3.56
  3.67
  2.46
  8.56
  3.82
  2.73
  3.23
  3.60
  3.60
  9.90
  3.93
  7.40
  2.73
  3.85
  3.32
  5.93
  2.97
  3.40
  2.67
  3.93
  3.10
  4.78
  2.97
  3.85
  3.19
  4.16
  3.63
  3.93
  4.69
  3.67
  4.45
  3.48
  3.40
  4.54
  3.60
  3.23
  2.57
  3.52
  4.06
  3.32
  5.00
  4.03
  4.66
  3.19
  9.95
  9.22
  8.67
  2.62
  2.23
  3.28
  6.12
  4.95
  5.67
  5.32
  5.65
  3.23
  4.23
  4.00
  3.78
  9.22
  4.20
  3.75
  4.60
  3.44
  4.06
  9.01
  2.57
  2.67
  8.33
  3.71
  9.37
 12.16
  4.13
 10.78
  4.66
  6.10
  3.01
  3.48
  3.28
  2.03
  3.19
  3.52
  2.16
 11.69
  3.10
  7.75
  3.44
  2.23
  3.32
  3.23
  2.92
  3.44
  7.76
  7.49
  3.32
  4.78
  2.29
  3.28
  2.57
 10.85
  5.98
  3.32
  3.78
  2.92
  2.73
  7.60
  3.71
  9.13
  3.15
  5.82
  3.96
  7.82
 13.32
  2.29
  2.82
  3.82
  9.18
  3.15
  3.36
