Measured Diameters
  3.85
  4.39
  3.32
  2.67
  2.73
  3.06
  6.59
  2.10
  3.40
  2.52
  2.10
  5.65
  3.19
  5.50
  2.16
  4.78
  4.23
  4.51
  3.48
  5.98
  3.36
  7.92
  2.97
  2.16
  7.33
  6.27
  3.28
  4.03
  3.67
  6.21
  5.87
  3.23
  6.49
  2.40
  2.35
  2.23
  3.32
  2.67
  3.28
  2.82
  2.87
  3.28
  3.01
  3.82
  6.38
  7.87
  3.06
  3.36
  6.78
  3.89
  2.16
  3.01
  6.61
  3.36
  3.01
  2.03
  6.10
  2.46
  2.92
  3.10
  3.48
  4.13
  2.97
  5.53
  2.46
  2.10
  2.92
  2.87
  2.82
  3.44
  2.82
  3.52
  3.10
  6.42
  3.44
  3.56
 13.11
  3.89
  2.67
  2.67
  3.48
  4.33
  2.10
  3.52
  2.40
  3.19
  3.01
  3.23
  2.78
  7.08
  3.28
  4.10
  2.16
  3.71
  2.73
  4.69
  3.82
  3.40
  3.23
  5.27
  2.87
  2.82
  4.42
  3.48
  3.40
 10.21
  2.40
  3.06
  3.67
  2.46
  3.85
  3.89
  3.23
  2.35
  2.29
  7.19
  3.44
  3.48
  3.63
  2.57
  6.82
  4.10
  3.78
  4.20
  3.10
  2.73
  2.73
  3.60
  3.44
  2.87
  2.97
  6.80
  3.19
  2.87
  3.15
  5.50
  3.36
  2.92
  2.29
  2.92
  3.36
  3.89
  3.60
  2.87
  3.28
  8.52
  4.13
  2.87
  5.93
  5.50
  3.60
  3.60
  2.97
  2.10
  3.32
  2.35
  2.23
  7.15
  2.67
  3.52
  3.01
  2.23
  3.40
  3.40
  3.06
  2.40
