Measured Diameters
  4.36
  5.96
  2.16
  7.51
  2.87
  2.16
  6.05
  3.32
  2.03
  3.06
  3.32
  3.23
  3.78
  3.71
  3.10
  3.78
  2.67
  3.71
  7.17
  2.52
  9.07
  3.01
  8.62
  2.46
  6.82
  7.34
 13.69
  3.15
  2.87
  2.10
  3.01
  4.60
  7.19
  4.54
  3.63
  3.93
  3.06
  3.78
  4.20
  3.48
  2.40
  4.10
  3.52
  6.25
  5.55
  5.14
  3.32
  3.52
  3.63
  3.52
  2.16
  8.68
  3.56
  6.21
  2.78
  2.62
  4.42
  3.44
  3.06
 12.90
  9.46
  2.92
  3.36
  9.98
  9.88
  2.52
 10.95
  8.90
 14.62
  3.75
  2.10
 10.12
  2.57
  9.54
  7.29
  2.16
  2.23
  2.67
  7.85
  3.82
  2.67
  3.60
  3.89
  2.10
  2.62
  2.97
  2.62
  2.03
  3.89
  3.40
  7.71
  3.19
  2.40
  2.40
  3.85
  2.10
  2.29
  4.03
  3.71
  2.29
  3.71
  2.73
  4.10
 11.53
  2.46
  4.72
 12.39
  3.23
  3.48
  3.89
  7.60
  8.38
  3.10
  7.96
  3.32
  3.89
  2.97
  2.10
  3.82
  3.06
  2.03
  2.10
  3.28
