Measured Diameters
  2.35
  3.71
  7.25
  3.32
  4.75
  2.62
  6.03
  4.42
  2.52
  2.78
  5.82
  4.00
 12.91
  2.35
  6.12
  5.75
  4.29
 11.52
  6.47
  4.23
  3.40
  2.92
  3.93
  3.89
 10.23
  4.66
  2.62
 12.37
  2.29
  3.36
  2.40
  2.87
  3.75
  3.82
  3.89
  5.06
  2.62
  2.62
  2.92
  2.40
  9.30
  4.39
  4.33
  2.97
  2.23
  3.63
  2.40
  3.28
  2.10
  3.44
  3.32
  4.54
  3.93
  2.73
  3.10
  3.75
  3.19
  2.52
  2.52
  2.92
  2.87
  2.10
  2.29
  2.87
  4.06
  5.93
  3.32
  4.33
  3.10
  8.62
  2.87
  2.73
  9.77
  3.36
  4.16
  2.97
  4.03
  6.00
  2.73
  3.44
  8.54
  7.31
  2.40
  3.19
  2.29
  3.63
  6.86
 10.78
  3.85
  3.75
  3.75
  4.23
  2.03
  2.10
  5.06
  3.36
  3.40
  4.00
  8.24
  8.57
  2.10
  2.40
  2.67
  4.10
  2.23
  3.23
 13.95
  5.67
  2.57
  2.16
  3.15
  3.28
 10.14
 11.61
  9.59
  2.62
  2.23
  3.15
  2.29
  3.96
  3.85
  3.67
  3.01
  2.57
  2.62
  3.56
  4.10
  3.28
  2.52
  9.24
  2.23
  2.57
  3.36
  3.44
 10.71
  3.36
  8.93
  3.78
  2.23
  2.62
  2.62
