Measured Diameters
  8.34
  3.28
  3.40
  3.19
  2.16
  3.15
  4.39
  2.62
  3.56
  2.73
  3.56
  5.96
  2.82
  5.82
  4.63
  9.28
  3.78
  4.16
  4.16
  3.23
  2.62
  2.16
  3.63
  2.87
  2.23
  3.15
  3.67
  2.82
  4.03
  3.60
  6.98
  3.32
  6.38
  4.00
  3.52
  4.60
  7.29
  6.96
  3.19
  4.36
  3.89
  3.67
 13.24
  7.17
  2.16
  3.06
  3.78
  2.82
  2.35
  3.71
  3.40
  2.92
  5.00
  3.44
  5.40
  2.52
  2.23
  4.03
  2.29
  2.67
  3.48
  2.97
  4.86
  2.40
  2.73
  3.63
 10.19
  2.10
  5.50
  3.85
  3.52
  4.26
  3.15
  3.71
  2.82
  3.06
  7.29
  3.89
  3.60
  3.67
  2.10
  2.23
  7.47
  3.63
  3.10
  2.67
 11.53
  8.87
  2.87
  4.23
 14.43
  4.51
  8.39
  7.87
  2.03
  2.46
  3.85
  8.59
  3.67
  2.23
  3.56
  8.16
  3.75
  8.16
  8.31
  4.54
  7.31
  3.52
  3.10
  3.56
  3.78
  9.33
  3.96
  3.67
  2.73
  2.46
  2.97
  4.20
  5.35
  3.06
  2.87
  3.63
  3.48
  7.46
  2.40
  3.40
  3.19
  3.06
  6.74
  3.44
  3.36
  2.29
  3.48
  2.78
  3.06
  3.40
  4.33
  2.97
  2.46
  8.59
  4.00
