Measured Diameters
  5.11
  2.29
  7.40
  3.10
  4.20
  2.46
  2.97
  6.14
  7.14
  2.57
  2.57
  3.36
  2.46
  7.21
 10.81
  3.44
  3.23
  2.23
  9.25
  3.15
  3.96
  3.10
  4.06
  3.06
  6.00
  2.92
  3.48
  3.23
  2.57
  3.28
  3.93
  3.01
  3.10
  3.15
  2.46
  3.48
  3.96
  2.97
  3.36
  2.92
  4.10
  3.63
  8.08
  4.78
  2.97
  3.44
  3.78
  2.82
  3.52
  4.72
  2.92
  3.32
  8.21
  3.75
  3.96
  3.10
  2.29
  7.66
  7.97
  4.03
  2.57
  3.60
  3.52
  2.82
  3.48
  4.78
 10.08
  3.10
  2.67
  3.60
  2.73
  3.36
  2.57
  4.51
  3.28
  3.36
  2.52
  3.52
  4.10
  6.14
  3.63
  6.90
  3.28
  2.57
  2.78
  3.32
  6.55
  3.15
  2.46
  8.33
  3.19
  2.40
  3.28
  2.52
  3.06
  3.01
  3.48
  8.56
  4.36
  2.46
  5.17
  3.82
  2.40
 11.40
  3.60
  2.97
  2.10
  5.40
  2.10
  3.48
  8.01
  7.82
  2.10
  3.19
  3.96
  4.13
  6.47
  7.80
  3.52
  4.29
  3.01
  2.40
  2.87
  6.82
  2.92
  3.93
  2.87
  2.97
  4.95
  3.71
  2.57
  2.97
  2.57
  3.63
 11.82
  3.19
  2.92
  2.57
  3.71
  3.06
  3.10
  3.10
  2.40
  3.28
  3.56
  3.23
  4.13
  2.97
  5.09
  6.76
  3.23
  7.80
  3.01
  4.63
  6.00
  4.06
  3.60
  3.28
  2.10
  2.40
