Measured Diameters
  3.28
  3.15
  4.00
  6.92
  3.36
  2.57
  3.85
  2.46
  5.43
  2.23
  3.06
  6.10
  4.33
  3.89
  7.36
  3.56
  4.69
  2.62
  2.82
  2.87
  2.62
  2.73
  3.32
  2.97
  2.82
  2.73
  3.32
  2.78
  2.78
  3.36
  3.93
  2.82
  8.04
  2.82
  3.89
  3.67
  2.67
  2.23
  3.36
  2.92
  2.82
  2.92
  3.67
  5.17
  9.94
  3.10
  3.19
  3.93
  2.46
  3.01
  3.48
  3.71
  2.92
  2.03
  4.10
  8.99
  2.87
  2.97
  3.15
  7.62
 15.74
  2.87
  7.15
  2.78
  2.67
  3.75
  3.01
  3.36
  2.82
  6.51
  3.60
  5.77
  3.52
  8.64
  2.46
  4.06
  9.09
  3.28
  2.87
  3.23
  3.36
  3.19
  3.10
  2.62
  2.35
  2.82
  3.44
  2.10
  3.48
  7.66
  3.32
  3.48
  3.19
  5.03
  3.89
  2.23
  4.36
  6.94
  4.72
  3.78
  3.23
  3.15
  2.67
  2.78
  3.96
  4.95
  3.10
  2.87
  3.40
  3.19
  4.69
  3.60
  3.10
  4.00
  2.35
  2.87
  2.23
  4.10
  5.65
  8.51
  3.28
  3.15
  2.23
  4.81
  2.87
 14.62
  3.40
  4.00
  8.56
  3.01
  5.14
  7.71
  3.28
  2.92
  3.01
  2.97
  3.15
  2.87
  3.40
  3.89
  4.54
  2.87
  4.23
  3.19
  2.78
  3.60
  3.23
