Measured Diameters
  3.85
  3.32
  3.44
  7.46
  4.86
  2.67
  8.67
  2.62
  3.28
  3.01
  7.55
  3.01
  4.00
  3.01
  3.06
  3.28
  2.62
  3.60
  8.04
  9.03
  2.23
  3.32
  3.01
  3.23
  3.01
  2.73
  3.52
  2.57
  3.63
  2.62
  2.92
  3.93
  4.10
  2.97
 11.26
  3.75
  3.06
  2.97
  4.03
  2.52
  3.71
  3.15
  4.06
  3.28
  3.85
 11.78
  2.67
  6.25
  3.28
  3.44
  3.89
  3.56
  6.88
  5.82
  3.06
  2.40
  7.17
  3.06
  3.78
  2.82
  8.46
  4.33
  2.97
  2.87
  4.48
  4.20
  3.10
  4.03
  3.52
  3.01
 10.17
  3.06
  2.67
  2.16
  2.62
  3.82
  3.56
  3.89
  8.70
  2.82
  4.06
  8.52
  3.23
  3.52
  3.01
  3.67
  3.01
 15.00
  2.52
  3.67
  2.62
  2.97
  3.40
  3.15
  7.82
  8.29
  3.93
  2.73
  6.74
  3.40
  2.52
  3.52
  3.10
  3.06
  3.63
  3.23
  3.56
  4.13
  4.03
  3.01
  4.00
  3.56
  2.92
  3.75
  5.93
  2.78
  3.56
  2.40
  3.15
  3.60
  3.19
  3.36
  3.06
  3.36
  2.73
  3.82
  2.03
  3.10
  3.85
  2.57
  5.19
 10.44
  4.39
  2.82
  3.82
  2.23
  8.28
  3.28
  3.67
  7.46
  6.86
  5.22
  2.62
  2.03
  3.19
  6.25
  3.10
  2.97
  2.46
  4.54
  2.57
  2.57
  2.92
  3.28
  2.92
  2.92
  3.82
  3.89
  3.15
  3.40
  2.62
  2.35
  3.15
  2.10
  3.85
  9.33
  3.89
 12.29
  2.67
  4.13
  2.57
  6.36
  7.34
  3.36
  2.97
  4.66
  4.03
