Measured Diameters
  3.06
  2.52
  6.47
  2.52
  2.10
  6.88
  2.87
  5.32
  2.16
  3.75
  4.16
  8.29
  3.63
  4.00
  2.67
  3.28
  2.10
  3.48
  3.15
  2.52
  3.40
  3.01
  4.06
  5.38
  2.40
  3.63
  3.82
  3.32
  4.00
  4.26
  2.87
  2.87
  4.36
  2.57
  2.10
  3.28
  3.06
  2.03
  9.76
  3.67
  3.10
  3.28
  2.87
  2.67
  3.28
  3.60
  2.29
  8.56
  3.75
  6.14
  2.29
  8.96
  3.96
 10.73
  3.10
  3.06
  3.44
  3.52
  3.23
  3.10
  3.01
  3.01
  3.56
  2.40
  3.96
  2.40
  2.46
  2.46
  3.60
  3.96
  3.67
  3.36
  2.87
  2.92
  7.89
  2.10
  3.60
  4.29
  3.40
  4.06
  3.06
  2.92
  2.52
  2.97
  8.19
  3.32
  3.15
  8.41
  7.14
  2.62
  2.29
  3.40
  2.62
  9.37
  5.35
  2.78
  2.73
  2.67
  7.69
  3.36
  2.73
 13.02
  6.82
  8.38
  2.78
  3.48
  3.40
  3.71
  4.57
  4.20
  8.56
  2.87
  2.92
  2.40
  2.87
 12.63
  2.16
  2.78
  2.82
  3.23
  2.62
  6.84
  4.36
  8.59
  2.67
  3.19
  5.43
  2.92
  2.82
 10.58
  2.97
  3.82
  3.56
  4.29
  3.40
  3.85
  3.48
  8.57
  3.15
  2.82
  8.62
  6.27
  3.96
  3.10
  5.43
