Measured Diameters
  2.73
 11.03
  5.17
  3.28
  2.97
  4.42
  3.15
  2.97
  4.54
  3.40
  5.70
  2.35
  4.23
  3.44
  3.32
  2.78
  3.44
  2.73
  2.92
  3.28
  5.87
  3.44
  5.30
  2.23
  3.32
  3.32
  5.82
  7.66
  6.14
  2.16
  6.32
  3.40
  2.52
  3.82
  5.50
  3.82
  3.36
  7.36
  4.29
  2.73
  3.06
  2.46
  2.82
  5.38
  3.82
  3.44
  2.03
  2.82
  8.38
  3.96
  2.92
  5.48
  8.02
  2.87
  3.48
  2.10
  3.52
  4.29
  3.71
  3.40
  6.94
  3.10
  7.96
  8.41
  4.13
 12.32
  4.13
  2.78
  8.13
  2.92
  3.63
  4.03
  5.09
  3.48
  2.10
  2.29
  3.44
  3.19
  3.78
  3.75
  2.57
  3.89
  4.10
  2.87
  4.89
  3.93
  5.27
  3.06
  9.40
  5.06
  3.01
  4.03
  2.16
  2.46
  3.48
  4.23
  2.87
  2.67
  2.82
  3.23
  5.25
  3.60
  2.46
  9.64
  3.40
  2.40
  4.33
  2.87
  3.19
  4.33
  2.57
  4.51
  8.70
  2.23
  3.19
  3.06
  2.92
  5.11
  2.67
  3.96
  2.40
  7.58
  8.72
  2.29
  2.52
  4.10
  3.10
  3.01
  7.40
  7.12
  2.46
  2.92
  2.78
  7.85
  3.28
  3.06
  8.73
  3.82
  2.67
  2.35
  2.57
  3.63
  8.08
  9.15
  3.63
  3.82
  9.31
  2.23
  6.59
  6.36
  2.03
  3.85
 10.61
  3.06
  4.54
  7.57
  6.42
  4.26
  7.76
  2.29
  5.19
  3.63
 10.53
  3.44
  3.36
  2.46
  3.78
