Measured Diameters
  3.40
  2.29
  4.42
  2.46
  3.82
  2.97
  9.28
  3.10
  2.29
  8.21
  3.82
  3.56
  3.36
  3.52
  5.65
  3.19
  3.48
  3.32
  3.28
  2.92
  6.70
  3.52
  3.06
  3.36
 11.41
  3.32
  3.36
  5.82
  7.55
  3.85
  3.56
  2.87
  7.55
  3.67
  2.16
  2.62
  6.32
  7.66
  3.75
  2.10
  2.29
  6.00
  2.82
  5.93
  2.52
  2.52
  3.78
  3.60
  2.29
  3.01
  3.96
  3.36
  2.03
  7.78
  2.78
  3.40
  4.89
  2.35
  2.78
  2.92
  2.62
  3.40
  3.63
  3.44
  2.87
  7.51
  2.78
  3.44
  3.44
  3.52
  3.01
  3.28
  7.38
  2.62
  3.40
  6.51
  3.82
  2.82
  3.19
  4.86
  3.82
  8.11
  3.23
  3.67
  3.75
  2.78
  3.63
  3.19
  2.97
  4.54
  3.60
  3.19
  3.67
  3.67
  3.19
  2.82
  3.67
  3.32
  7.25
  4.03
  3.15
  4.00
  5.30
  3.19
  9.06
  3.28
  6.94
  3.10
  3.89
  4.20
  3.52
  3.01
  3.63
  3.40
  2.23
  3.10
  5.60
  3.63
  2.52
  2.92
 11.19
  8.34
  4.39
  3.52
  8.89
  3.60
  2.62
  9.99
  3.15
  2.97
  4.10
  4.92
  7.04
  2.92
  3.36
  3.01
  3.48
  3.06
  3.85
  3.36
  2.35
  3.19
  3.15
  7.04
  2.57
  3.10
  4.06
  2.40
  5.09
  3.01
  4.16
  2.57
  3.75
  2.52
  3.23
  3.52
  4.48
  2.97
  3.32
  6.74
  3.96
