Measured Diameters
  4.45
  3.56
  3.71
  3.19
  5.03
  4.06
  4.16
  3.44
  2.03
 14.84
  3.15
  2.87
  2.35
  4.10
  2.73
  3.40
  2.73
  3.56
  8.19
  4.42
  2.97
  3.44
  3.78
  3.60
  3.82
  3.82
  6.32
  2.23
  4.42
  3.63
  6.14
  6.49
  9.18
  2.03
  5.53
  3.75
  2.82
  4.39
  3.15
  3.63
  2.87
  8.02
  2.57
  3.75
  2.73
  2.23
  3.36
  3.19
  8.81
  3.48
  3.01
  2.35
  7.55
  4.20
  2.82
 13.26
  4.10
  2.73
  3.32
  2.87
  2.97
  3.85
  2.10
  2.16
  3.48
  2.35
  3.56
  7.49
  3.48
  2.82
  4.06
  4.06
  3.19
  2.52
  3.85
  6.16
  2.78
  7.92
  3.36
  4.48
  2.92
  3.85
  3.19
  3.10
  4.16
  3.63
  3.36
  4.06
  2.82
  2.73
  2.92
  3.75
  3.01
  4.45
  2.73
  4.00
  5.84
  2.73
  3.01
  3.48
  3.01
  3.82
  4.03
  7.92
  3.23
  2.03
  2.35
  2.92
  4.00
  4.10
  3.89
  3.40
  3.28
  3.19
  2.10
  3.44
  2.46
  3.40
  3.36
  2.92
  3.10
  2.78
  3.52
  3.71
  2.92
  3.75
  3.06
  3.15
  2.97
  3.15
  2.82
  3.48
  3.71
  9.47
  3.82
  8.08
  6.84
  2.40
  3.36
  2.82
  3.06
  3.63
  3.75
  3.48
  6.18
  3.28
  3.93
  2.82
  3.63
  3.36
  6.74
  3.01
  6.88
  2.40
  2.16
  3.10
  3.36
  4.63
  3.63
  5.45
  8.65
