Measured Diameters
  4.33
  3.01
  3.93
  2.97
  3.78
  2.67
  4.20
  3.85
  3.40
  3.60
  5.79
  2.35
  3.23
  9.22
  8.14
  4.20
  3.06
  4.57
  3.06
  5.09
  7.51
  4.06
  2.73
  3.23
  8.13
  3.67
  3.82
  4.51
  2.92
  2.03
  2.10
  2.78
  4.16
  2.97
  2.16
  3.28
  7.80
  2.92
  4.13
  3.44
  4.00
  4.06
  2.97
  3.52
  3.63
  3.10
  4.20
  4.10
  8.79
  2.52
  7.76
  2.23
  4.16
  4.36
  3.52
  2.97
  2.78
  3.48
  3.23
  3.89
 13.30
  4.36
  2.97
 14.58
  4.20
  3.85
  2.57
  2.10
  2.87
  5.30
  3.32
  2.23
  2.62
  2.16
  3.01
  2.52
  2.16
  4.03
  2.29
  2.03
  2.46
  2.73
  2.73
  2.40
  3.32
  2.23
  4.86
  3.06
  2.87
  3.40
  3.75
  5.45
  3.78
  2.16
  7.25
  8.73
  3.36
  3.23
  2.29
 12.17
  3.01
  4.13
  2.62
  2.57
  3.40
  4.03
  2.57
  3.48
 13.30
  3.15
  9.13
  3.85
  3.78
  3.06
  2.46
  2.16
  3.67
  3.10
  7.67
 12.60
  2.67
  3.44
  4.20
  3.60
  4.26
  4.89
  3.23
  4.95
  4.00
  3.40
  7.53
