Measured Diameters
  2.82
  3.10
  4.42
  2.78
  2.92
  3.67
  3.36
  3.36
  3.96
  3.28
  9.16
  8.72
  3.67
  3.56
  2.57
  3.78
  3.40
  7.15
  9.27
  5.19
  4.33
  2.78
  7.60
  3.32
  3.89
  6.05
  2.29
  2.16
  6.76
  2.52
  6.74
  2.35
  3.85
  7.19
  7.44
  3.89
  2.78
  2.87
  4.45
  5.19
  2.35
  2.67
  3.44
  4.29
  2.82
  3.15
  2.40
  3.85
  2.78
 11.88
  3.36
  6.90
  3.28
  3.23
  4.66
  5.00
  2.46
  8.67
  3.19
  8.89
  2.35
  4.45
  3.44
  4.57
  4.16
  3.06
  3.19
  3.10
  5.30
  4.10
  3.71
  5.93
  3.23
  3.48
  2.40
  4.16
  3.15
  4.16
  4.42
  3.32
  2.87
  3.82
  3.71
  3.75
  5.00
  4.45
  4.36
  3.56
  3.36
  3.36
  3.40
  3.60
  4.23
  2.29
  3.85
  2.78
  6.78
  2.16
  3.85
  3.48
  4.42
  2.78
  3.96
  3.40
 10.92
  7.78
  2.46
  2.78
  2.78
  3.19
  2.92
  4.33
  3.93
  3.60
  2.62
  3.89
  3.75
  3.67
  3.60
 14.28
  4.95
  2.35
  3.96
  4.00
  3.44
  3.96
  3.75
  2.03
  3.89
  3.75
  4.86
  3.19
  2.73
  8.26
  3.48
  3.19
  3.10
  7.36
  2.67
  3.96
  2.23
  3.15
  3.06
  4.95
  2.16
  3.56
  6.16
  2.82
  3.28
  3.48
  3.82
  8.18
  3.06
  3.52
  8.18
  2.52
  3.67
  4.03
  3.60
  2.87
  7.58
  3.19
  2.67
  3.71
  3.23
  2.78
  7.19
  2.82
  3.23
  3.28
  3.96
  3.15
  3.19
  2.92
  3.52
  2.46
