Measured Diameters
  2.29
  3.48
  3.15
 10.33
  4.39
  3.48
  2.35
  3.56
  3.52
  3.63
  2.97
  3.89
  3.44
  3.32
  2.78
  2.97
  3.75
  2.03
  3.06
  3.85
  2.16
  7.47
  2.10
  2.16
  2.23
  8.76
  3.67
  3.75
  4.26
  2.62
  2.67
  3.60
  2.57
  2.35
  3.44
  3.28
  3.15
  3.82
  3.60
  2.78
  2.23
  6.21
  2.29
  6.03
  2.82
  3.63
  2.78
  3.56
  3.82
  2.97
  2.78
  3.28
  2.82
  2.62
  2.78
  3.06
  3.67
  2.29
  3.52
  2.92
  2.52
  3.56
  2.87
  4.06
  2.97
  3.75
  8.28
  2.52
  4.66
  2.82
  3.60
  4.69
  3.36
  9.69
  4.51
  2.82
  3.15
  3.28
  3.15
  2.23
  5.60
 12.60
  3.89
  2.35
  5.96
  2.78
  2.52
  2.82
  3.75
  2.03
  6.88
  4.06
  2.62
  4.13
  2.67
  2.97
  5.58
  2.82
  3.01
  3.19
  2.10
  3.40
  3.19
  6.49
  2.23
  5.63
  3.67
  2.16
  3.10
  6.34
  2.97
  3.10
  3.67
  9.67
  5.45
  5.45
  8.46
  2.78
  3.63
  3.10
  3.60
  3.40
  2.03
  2.92
  4.16
  4.36
  3.06
  2.92
  2.97
  7.27
  4.42
  6.05
  4.26
  3.56
  3.52
  6.34
  2.23
  7.57
  2.35
  4.06
  3.36
  3.32
  3.06
  3.82
  4.20
  3.44
  2.10
  2.10
  3.44
  3.36
  3.89
  2.87
  3.15
  5.98
  3.56
  4.78
  2.92
  3.89
  2.46
  3.32
  3.40
