Measured Diameters
  2.52
  3.52
  3.63
  3.19
  3.75
  3.56
  7.67
  3.67
  4.29
  2.10
  3.36
  3.01
  3.44
  8.52
  3.56
  2.40
  6.34
  2.57
  5.38
  3.32
  8.70
  4.00
  8.67
  2.52
  3.60
  3.93
  6.49
  6.29
  5.19
  3.71
  3.10
  3.15
  2.82
  2.23
  3.82
  3.40
  3.19
  2.29
  3.52
  3.67
  3.19
  2.82
  3.63
  2.46
  3.15
  2.46
  2.23
  3.85
  2.16
  2.10
  5.40
  2.62
  2.67
  3.63
  2.46
  2.40
  3.48
  2.10
  2.29
  3.28
  2.03
  3.44
  2.16
  2.52
  2.23
  2.29
  3.85
  4.72
  3.06
  4.16
  2.97
  2.52
  3.36
  3.10
  7.49
  6.80
  2.97
  3.67
  2.57
  3.75
  3.75
  3.40
  3.06
  3.36
  4.06
  4.06
  3.19
  2.62
  3.15
  3.36
  2.52
  3.01
  3.23
  2.10
  2.16
  2.29
  4.66
  2.52
  3.06
  3.06
  8.99
  4.10
  4.00
  2.87
  3.67
  7.64
  3.63
  4.51
  4.81
  4.39
  5.25
  3.60
  3.60
  2.52
  2.73
  3.48
  4.29
  7.19
  3.10
  3.01
  3.52
  5.84
  3.36
  3.28
  4.33
  3.63
  2.46
  2.16
  6.32
 10.65
  4.72
  3.82
  3.48
  2.35
  3.48
  3.01
  3.01
  3.56
  6.84
  3.15
  3.71
  3.78
 11.25
  5.11
  3.40
  3.06
  4.26
  3.28
  2.46
  5.06
  2.78
  2.52
  7.25
  3.40
