Measured Diameters
  3.06
 11.05
  9.59
  3.52
  7.29
  3.48
  2.29
  2.23
  2.29
  2.10
  3.19
  2.92
  3.01
  3.10
  8.44
  3.10
  2.78
  8.41
  2.67
  2.23
  3.82
  7.92
  3.44
  3.01
  3.32
  5.00
  4.48
  3.32
  3.32
  3.28
  2.23
  3.93
  3.06
  3.52
  4.54
  2.35
  2.29
  3.23
  8.75
  7.12
  2.78
  2.67
  3.52
  2.35
  3.40
  4.03
  7.83
  3.06
  2.82
  2.52
  2.62
 10.13
  7.36
  9.84
  3.32
  2.73
  2.52
  7.58
  2.23
  3.60
  3.60
  3.96
  3.28
  3.67
  7.57
  3.52
  2.82
  9.16
  2.67
  3.96
  3.01
  3.44
  4.23
  3.23
  6.18
 10.29
  4.00
  4.51
  3.15
  3.82
  3.06
  7.42
  3.44
  2.62
  3.48
  2.78
  3.36
  3.01
  2.35
  2.73
  2.46
  2.29
  6.96
  3.15
  2.78
  2.40
  6.76
  2.73
  2.62
  3.82
  3.28
  2.35
  3.01
  3.32
  4.20
  2.23
  2.62
  2.87
  4.10
  3.85
  4.45
  2.23
  3.40
  2.57
  2.35
  2.46
  2.29
  2.10
  2.92
  3.96
