Measured Diameters
  2.40
  3.28
  3.56
  6.94
 12.20
  3.01
  6.27
  2.78
 10.90
  4.54
  3.32
  3.71
  4.16
  2.16
  2.62
  3.40
  3.19
  2.92
  2.82
  2.92
  7.23
  2.03
  7.55
  4.39
  3.96
  3.01
  6.40
  3.52
  3.28
  3.60
  3.44
  2.73
  3.40
  2.92
  2.35
  4.26
  3.19
  3.48
  2.92
  2.78
  3.56
  8.23
  6.76
  3.19
  2.67
  2.92
 13.28
  2.62
  3.89
  2.87
  2.46
  4.33
  6.12
  7.97
  3.67
  2.62
  4.16
  6.27
  2.73
  7.02
  5.87
  3.23
  2.46
  2.97
  3.10
  2.03
  2.97
  2.35
  3.15
  2.16
  3.32
  2.97
  3.06
  3.06
  2.35
  3.36
  6.18
  3.15
  3.01
  2.92
  3.10
  2.35
  4.23
  2.78
  2.40
  3.89
  3.15
  3.19
  2.16
  4.26
  3.52
  3.44
  3.52
  3.63
  2.87
  3.28
  2.46
  2.97
  3.75
  4.33
  2.52
  3.44
  2.92
  2.29
  2.67
  2.78
  4.00
  3.48
  3.85
  2.35
  6.66
  4.51
  3.40
 23.12
  3.89
  3.48
  3.23
  4.33
  3.82
  3.36
  3.10
  9.15
  3.85
  3.01
  3.19
  2.35
  3.40
  7.87
  3.23
  2.03
  3.19
  2.87
  3.23
  2.62
  4.48
  2.10
  2.97
  4.98
  3.19
  3.52
  2.78
  3.19
  3.15
  6.55
  3.10
  2.78
  3.56
  3.01
  3.75
  2.16
  2.87
  3.63
  3.01
  2.57
  3.23
  3.44
  2.67
  3.32
