Measured Diameters
 11.56
  3.85
  2.46
  8.64
 11.19
  2.97
 15.68
  7.31
 12.49
  2.23
  8.64
  2.35
  8.57
  8.29
  4.72
  8.64
  2.67
  3.56
  8.36
  7.15
  2.23
  2.35
  3.82
  2.46
  2.10
  2.62
  3.89
  4.39
  3.60
  3.63
 17.23
  3.15
  2.87
  2.10
  2.57
  6.66
  3.96
  2.97
  4.20
  2.97
  2.40
  3.48
  3.60
  2.62
  2.82
  5.65
  2.52
 13.59
  3.85
  3.52
 10.13
  8.39
  4.10
  5.32
  2.46
  2.52
  2.82
  2.03
  2.16
  2.78
  5.25
  4.00
  7.53
  3.93
  3.15
  3.67
  2.57
 23.79
  7.40
  5.53
  2.16
  7.92
  3.63
  6.25
  2.52
  2.10
 14.24
  8.54
  6.10
  2.16
 14.74
  2.62
  4.20
  3.44
  2.57
  3.32
  2.82
  4.54
  3.28
  2.46
  8.41
  6.66
  6.53
  3.85
  2.62
