Measured Diameters
  2.03
  3.60
  5.11
  3.40
  2.40
  3.19
  2.16
  3.44
  2.87
  2.40
  3.78
  2.03
  3.10
  3.78
  6.12
  2.35
  3.56
  8.81
  3.40
  3.40
  3.01
  3.23
  3.44
  3.93
  2.73
  3.44
  3.67
  3.67
  3.01
  9.28
  2.10
  5.17
  3.78
  4.42
  2.92
  4.81
  8.68
  3.67
  3.28
  3.89
  2.73
  3.85
  2.46
  3.63
  2.03
  2.03
  2.16
  6.14
  2.16
  3.67
  2.82
  3.85
  3.32
  2.03
  3.44
  3.93
  2.97
  2.82
  3.75
  6.80
 12.16
  4.06
  4.23
  7.58
  6.74
  6.76
  3.48
  2.92
 10.73
  2.03
  2.67
  3.93
  2.23
  3.85
  3.63
  2.92
  3.36
  3.60
  3.32
  4.98
 11.68
  4.26
  4.29
  6.78
  6.32
  4.39
  2.35
  5.38
  3.89
  3.36
  3.19
  3.56
  5.17
  2.29
  7.27
  2.62
  3.96
  4.10
  2.16
  7.57
  3.15
  5.40
  5.98
  6.57
  2.82
  3.60
  3.48
  8.34
  3.82
  3.06
  2.73
  3.23
  5.82
  6.84
  6.76
  3.93
  3.01
 12.12
  2.97
  3.48
  3.96
  7.29
  5.91
  2.29
  4.98
  3.48
  2.87
  3.78
  9.04
  4.63
 12.46
  4.39
  7.42
  2.35
  2.87
  2.82
  2.16
  2.16
  3.01
  3.44
  3.96
  3.60
  2.29
  3.89
  4.48
  4.51
  3.63
  2.97
  3.06
  4.06
  7.53
  3.93
  3.23
  3.23
  2.92
  4.03
  3.89
  6.78
  3.15
  3.19
  4.39
  3.82
  3.36
  3.75
  3.89
  3.40
  2.03
  2.40
 11.00
  3.32
  3.06
  2.03
  2.82
  3.52
  3.32
