Measured Diameters
  3.01
  2.78
  4.23
  2.73
  3.15
  2.10
  5.06
  3.75
  2.57
  4.48
  3.01
  2.46
  3.36
  3.75
  9.10
  2.62
  3.78
  5.38
  2.67
  4.10
  6.57
  2.67
  3.93
  4.72
  4.33
  2.35
  4.16
  4.20
 13.45
  2.03
  4.69
  8.84
  3.71
  2.35
  4.69
  4.13
  2.87
  2.87
  5.27
 11.55
  2.52
  4.42
  6.14
  3.28
  3.67
  7.71
  3.44
  4.20
  2.52
 13.06
  7.40
  3.36
  2.23
  3.67
  2.46
  2.10
  5.72
 11.36
  2.82
  4.57
  9.52
  4.86
  3.56
  9.12
  5.63
  4.33
  9.09
  5.00
  3.78
  3.10
  9.56
  2.46
  2.29
  3.67
  2.40
  4.06
  5.35
  4.10
  2.10
  2.62
  7.75
  3.44
  2.10
  4.84
  3.28
  2.67
  2.29
  2.67
  3.36
  2.40
  3.78
  2.62
  3.56
 10.66
  4.66
  4.60
  9.57
  7.42
  2.82
  2.73
 10.13
  4.57
  2.62
  3.96
  5.03
  3.23
  6.72
  5.25
  3.44
  4.48
  4.39
 11.58
  9.25
  3.01
  2.40
  5.09
  3.40
  3.67
  4.54
  5.63
  3.78
  3.56
  4.69
  4.13
  9.34
  2.97
  4.13
  3.56
  9.67
  4.78
  7.96
  2.92
  4.00
  4.98
  6.78
  2.40
  4.60
  4.20
  4.00
  9.83
  4.75
  2.92
  4.13
  3.01
  2.78
  9.86
  2.16
  3.52
