Measured Diameters
  2.46
  5.50
  3.19
  2.82
  2.78
  3.96
  3.63
  5.19
  2.52
  3.01
  3.60
 10.69
  2.46
  7.21
  2.87
  2.82
  3.23
  7.15
  2.23
  3.44
  3.15
  6.84
  3.96
  2.16
  3.10
  2.67
  8.67
  2.16
  3.93
  2.23
  3.28
  3.10
  5.09
  2.73
  9.80
  5.67
  2.57
  2.35
  2.78
  2.82
  5.79
  2.46
  3.44
 11.07
  3.60
  2.87
  2.87
  4.29
  2.46
  2.57
  3.06
  2.57
  2.29
  2.92
  3.44
  2.23
  2.97
  2.57
  2.62
  2.40
  3.89
  3.52
  2.46
  3.19
 10.01
  2.16
  3.15
  3.60
  5.93
  3.71
  2.10
  3.19
  7.04
  2.67
  2.73
  5.30
  2.46
  7.04
  2.52
  7.96
  2.57
  2.73
  8.04
  5.25
  5.60
  2.16
  2.87
  8.96
  2.03
  4.03
  3.19
  2.16
  3.48
  5.19
  3.19
  3.56
  2.82
  2.92
  2.57
  2.92
  8.56
  6.72
  2.16
  7.10
  2.67
  2.67
  2.46
  3.28
 10.95
  5.25
