Measured Diameters
  8.11
  3.36
  2.10
  4.26
  3.60
  5.43
  3.52
  2.73
  3.67
  3.44
  3.10
  3.06
  3.15
  2.57
  3.19
 10.50
  2.57
  2.73
  3.06
  9.44
  3.40
  2.73
  5.89
  4.13
  7.38
  3.23
  2.92
  4.66
  2.29
  3.40
  3.44
  2.82
  7.34
  2.78
 11.46
  2.23
  2.03
  2.97
  3.32
  5.89
  3.01
  3.75
  2.23
  2.97
  3.15
  2.78
  4.39
  2.97
  3.01
  3.06
  3.01
  2.92
  7.96
  2.52
  2.40
  8.04
  3.28
  3.36
  3.44
  4.26
  4.45
  2.92
  3.78
  2.57
  3.10
  3.32
  4.48
  7.97
  3.06
  4.45
  4.00
  3.71
  3.78
  2.16
  2.16
  2.40
  4.03
  2.16
  7.83
  2.52
  3.67
  3.48
  4.03
  2.16
 10.06
  7.51
  2.73
  7.58
  7.99
  2.92
  2.62
  2.67
  3.93
  3.78
  2.78
  2.87
  3.96
  2.62
  6.90
  2.03
  4.57
  7.34
  2.82
  9.27
  2.87
  7.80
  3.82
  2.92
  3.67
  8.14
  3.36
  3.23
  3.10
  2.82
  7.31
  2.97
  2.82
  4.45
  3.75
  2.52
  3.32
  6.25
  3.15
  5.17
  3.15
  3.15
  8.34
  6.61
 11.10
  2.97
  3.36
  3.63
  9.74
  6.86
  8.65
  3.32
  4.33
  6.12
  2.73
  3.67
  2.97
  3.32
  3.56
  3.71
  3.71
  2.35
  3.96
  7.85
  3.96
  3.96
  3.96
  3.40
 11.46
  3.67
  3.85
  6.47
  2.62
