Measured Diameters
  8.18
  2.97
  3.01
  2.82
  2.52
  3.28
  2.40
  2.78
  3.40
  2.46
  3.23
  2.82
  4.20
  3.06
  2.62
  3.10
  3.15
  3.06
  2.46
  3.10
  3.44
  4.54
  3.36
  3.67
  3.75
  2.52
  3.60
  3.75
  4.13
  7.42
  3.23
  3.44
  3.19
  3.44
  3.01
  2.82
  2.73
 10.14
  2.57
  2.03
  8.29
  2.62
  3.60
  3.82
  3.36
  9.15
  2.82
  3.75
  2.62
  3.10
  2.67
  3.60
  2.52
  3.01
  3.23
  3.67
  4.20
  5.75
  2.67
  7.38
  2.78
  4.03
  5.67
  2.97
  4.36
  7.31
  3.01
  3.52
  2.97
  4.29
  2.87
  5.98
  4.23
  4.75
  2.57
  2.62
  4.29
  4.03
  3.56
  2.35
  3.56
  3.23
  3.40
  3.19
  2.62
  7.73
  2.82
  2.35
  2.82
  2.29
  2.57
  7.00
  3.10
  3.44
  3.36
  7.25
  5.00
  4.36
  2.92
  3.48
  3.01
  3.52
  3.63
  3.10
  9.10
  2.16
  8.98
  9.99
  2.78
  3.71
  3.60
  2.03
  6.23
  3.06
  3.19
  3.10
  3.52
  3.56
  2.29
  3.52
  3.71
  2.87
  4.10
  2.82
  3.36
  4.54
  4.03
  2.97
 13.19
  6.25
  8.38
  3.40
  3.63
  2.97
  4.06
  3.67
  4.13
  3.28
  2.35
  8.56
  3.60
