Measured Diameters
  3.75
 10.04
  2.67
 11.56
 10.85
  9.07
  3.82
  2.46
  2.78
  2.10
  2.67
  3.63
  3.28
  4.06
  3.82
  4.03
  3.15
  3.93
  4.20
  3.10
  8.47
  7.62
 10.66
  4.89
  3.52
  2.46
  2.73
  2.16
  4.78
  3.78
  3.15
  2.82
  2.10
  2.57
  8.86
  3.15
  3.96
  4.39
  4.63
  2.46
  8.26
  3.15
  6.98
  2.82
  3.06
  3.48
  9.56
  4.81
  2.78
  7.15
  4.16
  3.28
  3.40
  3.56
  2.87
  3.52
  8.04
  2.92
  2.87
  2.52
  7.36
  2.29
  2.03
  8.41
  8.90
  4.39
  4.42
  3.56
  3.78
  3.36
 10.01
  7.15
  5.25
  4.26
  4.00
  3.75
 11.28
  3.96
  3.71
  3.23
  4.16
  2.52
  7.14
  2.40
  4.36
  2.46
  5.55
  6.98
  2.92
  9.79
  2.29
  2.78
  2.46
  4.03
  4.13
  3.23
  8.11
  2.87
  9.24
  4.26
  4.23
  8.01
  2.03
  4.89
  3.56
  4.42
  3.56
  3.44
  7.71
  7.31
  9.09
  8.13
  2.57
  8.31
  2.52
  2.46
  4.16
  4.20
  4.45
  3.36
  3.10
  4.26
  3.89
  9.06
  7.83
  4.60
  3.23
  2.62
  7.14
  3.10
  2.57
  2.78
  2.62
  2.73
  3.19
  2.52
  3.28
  2.10
  3.06
  2.29
  3.06
  3.48
  3.15
  2.82
  7.19
  4.16
  2.03
  8.62
  4.23
  7.10
  3.32
  4.20
  3.19
  3.44
  3.44
  3.19
  2.46
  4.69
  2.40
  4.20
  6.45
  3.60
