Measured Diameters
  3.63
  3.89
  2.62
  2.52
  2.16
  5.03
  2.67
  7.75
  3.96
  7.78
  4.03
  6.45
  3.10
  2.40
  3.67
  3.85
  2.52
  3.01
  2.67
  2.92
  4.29
  3.89
  3.48
  2.78
 21.76
  2.97
  3.52
  3.44
 11.25
  2.97
  3.75
  3.44
  7.19
  3.36
  3.63
  2.52
  3.19
  3.93
  3.44
  5.79
  9.49
  2.03
  3.23
  2.29
  2.40
  6.29
  2.23
  6.66
  3.06
  3.56
  2.92
  4.33
  6.10
  2.92
  3.28
  8.28
  4.06
  7.85
  3.67
  2.57
  4.48
  3.89
  5.17
  3.67
  4.29
  2.73
  4.06
  3.67
  2.52
  4.06
  3.44
  3.32
  7.15
  2.67
  6.27
  9.09
  3.10
  3.96
  3.44
  2.35
  3.89
  3.48
  2.03
  8.72
  3.23
  3.44
  5.91
  2.35
  8.09
  3.63
  2.67
  5.03
  4.36
  4.16
  2.35
  2.73
  4.16
  2.10
  2.92
  3.01
  4.72
  3.28
  3.60
  7.49
  3.32
  3.93
  4.36
  3.01
  2.97
  3.19
  6.51
  3.15
 10.41
  2.03
  3.67
  3.19
  2.29
  2.73
 11.13
  3.15
  3.82
  3.32
  3.56
  4.23
  4.06
  3.71
  2.46
  4.51
  6.38
  3.82
  3.82
  2.87
  4.00
  2.78
  2.97
  2.35
  2.40
  3.89
  7.67
  2.67
  2.29
  3.01
  2.62
  4.16
  4.98
  3.93
  2.73
  2.87
  2.97
  2.40
  2.16
  4.03
 10.71
  3.96
  3.10
  4.89
  6.84
  3.48
  2.62
  3.60
 14.62
  2.67
  3.01
  3.10
  7.21
  3.60
  3.19
  4.42
  9.33
  3.71
  3.06
