Measured Diameters
  2.87
  4.10
  5.98
  3.93
  3.23
  2.23
  3.67
  2.97
  3.40
  4.06
  2.97
  2.62
  3.28
  4.54
  3.78
  4.10
  7.69
  2.52
  3.48
  3.82
  3.60
  2.29
  4.20
  3.82
  8.24
  4.63
  4.39
 11.75
  2.57
  2.62
  2.67
  3.19
  5.50
  2.03
  3.96
  3.28
  2.67
  3.52
  2.82
  3.82
  3.36
  2.67
  6.94
  9.52
  3.32
  4.33
  2.03
  2.67
  7.36
  4.72
  4.57
  3.19
  3.93
  3.40
  3.19
  2.03
  2.67
  3.28
  5.14
  2.92
  3.44
  3.28
  4.45
  3.32
  2.87
  2.67
  3.48
  3.71
  4.00
  3.36
  9.97
  2.67
  3.96
  2.16
  2.46
  3.44
  7.29
  3.15
  4.10
  3.32
  4.84
  6.53
  4.23
  3.01
  9.15
  2.40
  3.01
  7.97
  3.56
  5.32
 14.65
  2.52
  3.60
  2.87
  4.13
  4.66
  3.36
  4.00
  4.57
  3.67
  8.84
  4.20
  3.96
  3.78
  7.94
  3.60
  3.01
  3.60
  4.29
  3.15
  3.36
  3.78
  8.72
  9.15
  3.40
  3.52
  2.92
  2.73
  7.25
  3.10
  3.15
  2.73
  2.35
  2.92
  2.40
  3.01
  2.92
  7.10
  3.60
  9.16
  2.73
  3.48
  2.46
  8.33
  6.64
  3.60
  3.28
  3.60
  3.28
  3.71
  2.87
  3.67
  4.23
  3.44
  3.15
