Measured Diameters
  3.40
 11.43
  3.15
  2.82
  9.43
  6.21
  2.97
 10.05
  5.48
  3.63
  4.84
  3.63
  6.16
  3.19
  3.93
  2.67
  5.72
  2.03
  7.60
  2.16
  3.01
  3.44
 10.70
  3.32
  3.36
  3.44
  5.55
  3.75
  6.98
  3.19
  2.62
  3.67
  4.20
  4.16
  3.28
  3.10
  3.23
  4.03
  2.16
  2.23
  4.13
  3.06
  8.57
  6.38
  7.25
  3.63
  2.73
  3.85
  2.52
  2.10
  3.78
  7.19
  2.73
  5.11
  2.62
  4.33
  3.67
  2.87
  3.23
  3.10
  4.06
  4.16
  3.63
  2.97
  2.78
  3.63
  3.44
  3.52
  2.92
  4.84
  2.67
  8.52
  3.44
  5.50
  4.16
  5.50
  2.87
  2.10
  2.03
  3.96
  2.52
  4.03
  3.48
  3.19
  2.57
  3.75
  3.48
  2.29
  3.63
  3.32
  7.83
  4.00
  3.32
  5.11
  3.48
  5.09
  7.87
  6.32
  3.63
  3.23
  6.34
  3.44
  2.67
  3.19
  3.56
  3.10
  7.51
  2.16
  3.32
  2.23
  3.06
  2.97
  7.33
  3.85
  6.57
  3.52
  3.67
  4.03
  4.20
  5.82
  3.96
  3.75
  3.44
  8.06
  3.28
  9.12
  3.10
  3.67
  6.66
  3.44
  2.57
  3.06
  2.78
  4.51
  9.62
  4.57
  4.54
  2.82
  3.36
  3.52
  3.78
  2.92
  2.78
