Measured Diameters
  9.34
  4.33
  9.15
  3.15
  5.53
  3.10
  4.13
  6.21
  3.28
  4.69
  7.89
  3.15
  6.74
  3.01
 11.12
  3.40
  2.57
  3.85
  8.18
  2.10
  4.16
  4.84
  3.48
  8.14
  7.02
  3.63
  4.23
  2.03
 11.41
  5.67
  2.10
  8.64
  2.62
  7.25
  2.92
  3.28
  4.06
  3.52
  8.72
  3.78
  3.75
  2.87
  5.91
  8.72
  9.74
  2.82
  3.71
  2.67
  3.01
  2.35
  2.78
  9.49
  2.73
  5.72
  2.78
  4.57
  9.72
  9.79
  2.23
  2.16
  7.21
  6.03
  4.06
  2.67
  3.23
  9.52
  3.78
  2.40
 10.40
  2.97
  5.19
  3.23
  2.23
  3.56
  4.69
  8.19
  8.11
  3.85
  2.10
  3.67
  3.71
  3.28
  4.95
  3.10
  3.48
  3.89
  3.40
  2.35
  3.67
  2.40
 14.29
  4.95
  9.98
  2.52
  3.71
  4.60
  2.82
  8.57
  7.14
  3.32
  4.10
  2.87
  3.60
  3.63
 10.48
 10.25
  7.23
  2.16
  2.78
  3.19
  2.87
  4.45
  4.42
  3.40
  3.67
  9.33
  3.44
  7.55
 10.83
  4.03
  2.16
  2.78
 10.73
  4.69
