Measured Diameters
  4.16
 10.45
  2.82
  3.40
  7.58
  3.82
  2.87
  2.16
  3.23
  2.57
  7.12
  3.52
  3.32
  3.44
  3.36
  3.78
  4.36
  4.60
  3.60
  2.97
  3.36
  4.54
  5.22
  4.66
  5.40
  3.36
  2.29
  2.16
  8.60
  2.82
  4.13
  4.03
  4.69
  2.67
  4.00
  4.29
 11.37
  5.22
  2.16
  3.71
  2.92
  9.63
  3.71
  4.72
  4.57
  3.48
  5.45
  4.13
  4.81
  3.89
  3.32
  3.06
  3.28
  6.36
  5.11
  3.36
  3.15
  3.67
  5.03
  3.93
  3.63
  4.26
 11.65
  3.15
  3.32
  2.73
  2.52
  3.96
  7.19
  7.31
 12.60
  2.35
  2.87
  2.40
  2.23
  3.75
  8.78
  5.53
  3.19
  4.75
  4.45
  4.29
  3.19
  4.13
  4.42
  5.53
  4.84
  5.50
  3.40
  2.46
  2.92
  3.85
  4.60
  4.20
  2.46
  3.48
  2.82
  9.44
  4.54
  3.60
  4.45
  3.06
  5.32
  3.06
  3.78
  2.82
  3.56
  7.04
  3.82
  3.52
  3.15
  3.67
  3.48
  3.89
  3.36
  4.39
  5.09
  9.04
  5.75
  3.71
  3.01
  3.78
  3.71
  2.73
  7.76
  4.66
 10.39
  2.40
  5.91
  8.39
  5.82
  4.23
  3.15
  4.26
  3.19
  3.48
  2.62
  3.78
 11.34
  2.03
  4.16
  6.18
  3.19
 11.40
  2.92
  6.98
  8.36
  4.16
  3.93
  8.43
  2.82
  4.57
  4.16
  3.71
  8.31
  4.63
  2.73
  2.23
  2.87
  3.67
  3.32
  3.52
  6.82
  7.15
  3.01
  4.72
  4.13
  8.56
  3.60
  3.89
  3.01
  3.71
  3.71
  2.35
  3.85
  4.20
  3.82
  4.10
  3.44
