Measured Diameters
  4.36
  7.51
  4.16
  3.48
  2.46
  3.52
  3.10
  4.66
  2.16
  3.67
  2.35
  3.60
  3.85
  2.62
  3.93
  3.19
 19.37
  2.57
  3.06
  8.75
  3.19
  4.00
  3.36
  4.10
  3.19
  3.56
 14.84
  9.40
  3.44
  3.44
  7.87
  4.33
  2.23
  7.89
  2.57
  2.03
  5.79
  7.31
  3.36
  4.26
  2.78
  3.52
  3.96
  3.10
  3.19
  3.28
  2.73
  2.67
  2.97
  3.48
 12.59
  2.87
  3.48
  2.87
  3.19
  3.44
  3.52
  4.13
  2.10
  4.00
  5.35
  2.57
  3.28
  2.97
  8.19
  4.36
  3.78
  4.26
  7.71
  5.45
  6.96
  3.48
  3.75
  3.89
  4.60
  3.96
  3.28
  2.82
  3.78
  2.92
  2.73
  3.01
  4.10
  3.01
  7.14
  6.23
  5.50
  6.45
  3.48
  4.03
  3.40
  4.45
  3.89
  2.97
  3.56
  3.36
  2.40
  9.12
  5.19
  3.52
  3.78
  2.57
  2.78
  3.28
  2.35
  8.65
  3.01
  7.55
  3.32
  3.67
  3.19
  3.48
  6.70
  3.40
  2.46
  2.67
  3.10
  3.06
  3.06
  2.52
  3.15
  2.46
  2.40
  4.26
  2.52
  2.10
  4.42
  3.78
 13.66
  3.15
  2.78
  3.06
  3.32
  7.08
  4.10
  3.48
  4.13
  5.03
  3.60
  3.82
  6.59
  3.28
  2.10
