Measured Diameters
  3.63
  3.15
  3.32
  3.28
  3.93
  2.82
  2.03
  3.60
  4.06
  8.23
  3.96
  2.97
  3.36
 11.54
  9.81
  2.40
  3.10
  3.01
  3.44
  2.73
  3.71
  4.92
  7.53
 11.02
  7.31
  4.86
  5.43
 10.06
  2.29
  9.35
  2.82
  3.15
  8.44
  8.54
  2.40
  6.14
  3.01
  3.06
  2.82
  3.32
  2.03
  7.64
 11.23
  2.92
  2.16
  7.87
  2.57
  2.23
  3.10
  2.52
  2.82
  2.29
  4.20
  2.10
  4.48
  2.92
 10.69
  3.06
  5.14
  3.71
  3.82
  4.66
  3.85
 10.25
  7.29
  2.52
 11.59
  2.46
  2.40
  3.36
  2.10
  9.07
  3.23
  3.75
  8.28
  9.10
 10.43
  3.48
  8.96
  2.62
 10.23
  7.00
  3.48
  3.23
  3.63
  2.97
  2.67
  3.06
  4.20
  3.56
  6.80
  3.71
  3.71
  2.40
  2.40
  2.52
 12.40
  2.46
  2.40
  3.10
  2.29
  2.82
  2.16
  4.60
  7.49
  2.62
  7.23
  4.39
  2.87
  4.42
  3.40
  3.85
  9.19
  3.28
  2.92
