Measured Diameters
  7.85
  3.32
  2.67
  2.62
  5.06
  8.23
  3.78
  3.28
  3.56
  2.67
  5.00
  3.28
  3.44
  2.35
  3.85
  3.96
  3.23
  3.15
  4.57
  6.47
  3.85
  3.67
  4.54
  9.30
  4.63
  2.67
  4.36
  7.83
  3.19
  2.73
  2.52
  4.36
  3.48
  3.32
  2.78
  3.40
  2.46
  3.56
  5.30
  2.73
  4.06
  3.01
  4.42
  3.71
  3.32
  2.46
  2.92
  3.32
  2.57
  5.06
  2.40
  5.09
  2.82
  4.03
  3.06
  5.82
  2.92
  3.23
  6.03
  2.16
  3.36
  9.57
  8.76
  2.10
  3.32
  2.40
  2.73
  3.40
  7.57
  3.60
  6.49
  8.44
  5.50
  2.46
  3.44
  2.78
  9.95
  3.82
  4.20
  3.48
  4.45
  3.85
  2.29
  2.73
  3.63
  4.03
  3.19
  3.89
  3.15
  4.45
  2.97
  4.23
  3.28
  3.23
  2.62
  3.06
  2.82
  4.51
  3.28
  3.96
 10.70
  7.31
  3.52
  3.19
  8.52
  4.72
  2.92
 10.08
 11.65
  4.92
  7.12
  3.71
  2.23
  5.98
  4.45
  4.60
  2.40
  3.23
  4.95
  2.67
  3.44
  2.87
  3.52
  3.19
  3.10
  4.45
  2.40
  8.31
  4.75
  4.51
  3.78
  5.38
  3.23
  3.32
  3.78
  3.85
  8.18
  3.23
  2.73
  3.32
  3.01
  3.28
  4.60
  2.73
  3.75
  2.03
