Measured Diameters
 13.08
  2.82
  4.60
  3.82
  7.17
  3.82
  3.89
  3.56
  4.20
  4.03
  2.97
  2.52
  3.71
  4.26
 10.41
  3.75
  3.71
  3.32
  7.08
  7.73
  4.84
  7.90
  3.63
  3.71
  2.57
  4.26
  4.33
  8.92
  3.28
  2.52
  2.97
  2.87
  3.78
  3.06
  2.35
  6.94
  4.86
  3.52
  3.23
  3.28
  3.23
  2.87
  3.78
  7.12
 10.76
  3.19
  3.10
  3.71
 15.71
  2.16
  3.44
  2.10
  3.67
  4.06
  3.28
  2.40
  2.46
  2.87
  4.39
  2.57
  9.27
  4.95
  3.40
  5.72
  3.36
  4.66
  2.97
 10.04
  3.23
  4.23
  4.42
  3.82
  2.97
  4.54
  6.82
  3.01
  3.06
  3.01
  4.29
  4.86
  4.42
  3.71
  3.28
  8.49
  6.07
  3.36
  3.67
  9.63
  3.32
  3.36
  2.62
  2.67
  3.56
  5.70
  3.10
  3.48
  3.28
  2.35
  7.51
  4.06
  2.97
  3.01
  4.63
  4.10
  3.23
  4.03
  3.56
  3.75
  3.52
  3.40
  2.67
  4.20
  2.73
  2.03
  4.78
  7.66
  2.16
 11.90
  3.28
  3.23
  8.16
  3.44
  3.44
  3.23
  3.40
  2.73
  2.03
  4.92
  3.60
  2.73
  3.36
  3.40
  3.75
  3.52
  4.36
  3.23
  3.10
  7.27
  3.75
  7.08
  2.35
  4.98
  2.87
  3.67
  7.83
  3.71
  3.19
  3.89
