Measured Diameters
  2.97
  2.78
  4.26
  3.10
  3.82
  4.29
  8.36
  8.21
  8.79
  2.78
  8.01
  3.56
  3.56
  5.09
  6.38
  4.36
  3.52
  2.92
  3.36
 12.25
  2.82
 14.45
  3.78
  2.46
  5.93
  4.00
  2.16
  2.10
  3.56
  3.75
  6.18
  2.46
  2.97
  3.67
  6.88
  2.23
  5.65
  2.35
  2.23
  3.28
  2.16
  3.93
  3.56
  3.32
  3.75
  4.10
  3.89
  4.10
  3.06
  4.00
  2.78
  2.62
 14.99
  4.33
  2.92
  8.13
  2.62
  3.71
  3.52
 15.03
 12.96
  8.87
  4.36
  4.29
  3.23
  2.92
  4.29
  3.85
 14.90
  7.10
  3.78
 14.17
  9.50
  2.62
 14.29
  6.78
  7.76
  3.10
  2.57
  2.10
  2.57
  4.51
  2.35
  2.16
  2.92
  2.52
  9.30
  3.44
  4.23
  7.97
  3.36
  5.17
  9.10
  7.99
  3.23
  3.60
  8.28
  3.36
  2.57
  3.01
  3.56
  4.39
  3.44
  3.78
  2.92
  3.32
  3.52
  4.29
  3.60
  3.40
  3.71
  3.63
  4.66
  7.40
  2.67
  4.29
  2.40
  3.36
 11.04
  3.32
  6.38
  3.15
  4.63
  3.19
 14.86
  5.11
  2.10
  3.01
  3.06
  5.03
  2.92
  3.36
  6.27
  4.10
  2.03
  8.76
  3.28
  4.00
  2.23
  4.13
  2.03
 10.10
  4.42
  3.67
  3.36
  2.92
  3.96
  4.13
  4.06
  2.16
