Measured Diameters
  3.40
  2.23
 10.70
  2.78
  2.03
  2.62
  2.67
  3.15
  3.63
  4.13
  4.51
  4.81
  2.57
  2.10
  4.03
  2.35
  3.40
  4.39
  2.67
  2.62
  2.40
  3.28
  2.82
  2.73
  4.39
  3.36
  2.97
  2.73
  3.93
  7.14
  3.48
  3.85
  3.06
  3.82
 10.47
  3.23
  3.44
  3.85
  2.40
  3.36
  5.75
  9.66
  3.32
  3.48
  3.52
  3.06
  3.40
  3.71
  3.75
  9.72
  5.38
  3.32
  6.68
  2.46
  9.27
 10.04
  4.89
  2.29
  2.73
  4.20
  3.10
  3.19
  3.01
  2.40
  4.36
  5.09
 11.05
  3.67
  2.16
  3.40
  2.97
  3.71
  3.01
  5.91
  3.06
 11.96
  4.98
  5.35
  3.44
  7.47
  4.39
  2.40
  5.60
  2.97
  4.29
  3.85
  4.51
  3.78
  2.78
  5.43
  2.23
  9.76
  2.97
 10.36
  3.63
  3.56
  2.92
  7.67
  8.18
  9.81
  3.75
 10.71
  5.09
  3.44
  3.48
  2.97
  8.51
  3.56
  2.35
  2.35
  5.03
 12.25
  3.71
  2.97
  2.40
  3.96
  5.43
  6.21
  2.23
  5.30
  2.92
  3.40
  2.10
  3.36
  3.48
 12.76
  3.06
  3.48
  4.23
  2.10
  3.44
  8.18
  2.87
  2.23
  3.19
  4.81
  2.16
  7.57
  2.52
  2.23
  3.96
  3.60
  3.19
  2.62
  4.29
