Measured Diameters
  2.46
  2.92
  3.44
  3.36
  2.29
  8.68
  6.42
  3.67
  6.21
  3.28
  9.27
  3.10
  2.57
  3.85
  7.85
  4.13
  3.60
  9.10
  3.89
  3.28
  2.92
  4.84
  3.06
 10.65
  5.09
 11.51
  4.06
  3.15
  2.29
 10.95
  6.61
  9.87
  2.62
  2.29
 12.55
  4.45
  3.36
  2.35
  2.97
  6.70
  4.66
  7.75
 11.32
  3.85
  4.36
  9.10
  4.57
  2.73
  4.48
  3.56
  2.97
  3.63
  3.63
  2.78
  2.73
 10.71
 10.54
  3.06
  4.00
  2.40
 11.03
  3.78
  3.44
  2.16
  4.63
  8.95
  2.97
  3.32
  3.78
  2.10
  2.57
  3.44
  2.52
  4.63
  3.60
  4.42
  2.03
 10.06
  3.40
  2.10
  3.75
  2.52
  5.70
  7.97
  3.63
  2.62
  3.36
 12.39
  4.75
  3.23
  2.82
  3.32
  5.60
  2.82
  2.82
  2.16
  4.03
  3.10
  2.73
  3.56
  7.23
  3.48
  3.48
  4.81
  4.13
  3.71
  2.73
  4.69
