Measured Diameters
  2.87
 12.32
  2.52
  2.40
  3.10
  3.19
  2.29
 11.29
  2.10
  2.57
  9.24
  3.06
  7.46
 11.03
  2.29
  2.03
  9.37
  9.01
  2.35
  9.30
  3.52
 12.68
  2.35
  3.56
  2.73
  3.28
  4.86
 11.30
  5.30
  4.54
  3.36
  3.32
  7.75
 10.50
  4.39
  2.92
  2.46
  9.84
  3.48
  2.87
  3.82
  7.33
  6.16
  2.46
  2.82
  5.87
  2.87
  4.16
  4.48
  3.67
  5.53
  2.35
  6.27
  4.26
  2.46
  3.19
  3.19
  4.13
  2.03
  4.84
  2.97
  4.16
  8.34
  3.06
 10.54
  2.97
  3.67
  3.28
  3.44
  3.60
  6.82
 12.27
  2.62
  3.44
  9.37
  9.70
  3.44
  2.67
  3.44
  4.06
  4.86
  3.48
  5.75
  4.13
  6.70
  2.82
  2.82
  2.03
  5.93
  2.40
  2.52
  2.35
  2.67
  2.40
  3.44
  3.52
  4.81
 10.88
  5.79
 12.47
  2.97
  4.63
  2.03
  2.57
  3.32
  2.03
  8.89
  7.94
  3.82
  4.26
  3.48
  7.14
  2.03
  3.48
  3.06
  4.54
  3.82
  4.29
  3.56
