Measured Diameters
  6.05
  2.46
  3.63
  3.15
  6.57
  2.03
  3.15
  5.55
  2.87
  4.13
  3.06
  7.10
  3.63
  3.71
 12.42
  3.36
  3.23
  3.40
  3.10
  3.44
  3.01
  2.57
  5.89
  3.60
  6.68
  3.19
  3.82
  2.29
  4.26
  2.78
  3.75
  3.19
  3.01
  3.85
  3.89
  4.29
  3.15
  8.39
  3.01
  6.74
  2.78
  3.60
  3.06
  2.57
  3.40
  2.82
 10.28
  2.82
  3.15
  3.52
  3.40
  2.78
  3.44
  3.48
  6.90
  3.75
  3.82
  4.63
 11.69
  2.82
  2.73
  3.71
  2.78
  8.51
  3.10
 11.41
  3.48
  6.98
  2.57
  3.56
  2.23
  3.28
  2.46
  4.89
  5.06
  3.10
  2.35
  3.52
  2.92
  3.23
  3.71
  2.67
  2.78
  2.78
  3.67
  2.52
  3.01
  3.71
  3.15
  3.10
  5.40
  8.51
  3.23
  3.32
  7.49
  3.32
  6.96
  3.40
  3.56
  2.92
  4.29
  3.56
  3.56
  4.06
  3.36
  3.63
  3.36
  3.01
  3.40
  5.48
 10.70
  3.63
  2.16
  3.06
  3.06
  2.46
  7.15
  2.29
  3.56
  2.10
  3.28
  2.29
  3.63
  4.00
  3.15
  3.10
  6.21
  3.06
  8.82
  3.28
  3.06
  3.32
  3.01
  2.16
  2.52
  2.73
  5.82
  2.73
  2.97
  2.23
  7.64
  3.44
  4.33
  2.97
  2.52
  3.15
  3.85
