Measured Diameters
  3.36
  3.56
  2.92
  3.52
  3.01
  3.52
  2.57
  3.40
  3.15
  3.06
  2.52
  2.78
  2.03
  5.45
  9.62
  2.62
  2.67
  3.44
  4.78
  2.03
 11.15
  3.28
  3.85
  4.72
  3.40
 11.62
  2.52
  3.52
  3.63
  2.92
  2.52
  2.82
  3.28
  3.44
  2.35
  2.67
  2.82
  6.12
  2.29
  2.78
  3.48
  2.03
  4.39
  4.45
  4.06
  9.06
  6.05
  3.63
 10.83
  3.28
  3.19
  3.01
  3.10
  2.82
  9.93
  2.16
  2.35
  2.03
  5.19
  6.14
  3.78
  4.00
  3.10
  2.16
  2.73
  9.10
  3.10
  3.28
  2.57
  7.62
  3.93
  2.10
  2.46
  2.40
  9.10
  3.06
  7.33
  2.03
  3.60
  3.67
 10.66
  7.36
  3.89
  3.15
  2.78
  3.96
  8.08
  4.72
  2.73
  3.40
  3.44
  3.60
 11.03
  2.03
  3.78
  5.22
  2.67
  3.06
  3.23
  4.20
  4.48
  2.57
  2.73
  5.93
  2.35
  8.73
  3.48
  8.73
  9.33
 14.24
  7.08
  3.36
  2.67
  5.79
 11.10
  9.79
  2.62
  2.23
  2.40
  4.23
  2.73
