Measured Diameters
  3.40
  4.03
  2.73
  2.16
  6.03
  3.78
  3.71
  3.01
  3.06
  2.23
  3.10
  4.51
  7.23
  3.01
  2.82
  3.23
  5.30
  2.23
  2.03
  2.57
  4.00
  3.82
  3.28
  3.85
  2.10
  7.83
  2.78
  2.62
  3.52
  8.56
  2.16
  3.93
  4.03
  7.12
  4.03
  2.82
 19.94
  2.97
  2.87
  4.23
  3.93
  4.00
  8.13
  3.67
  2.82
  2.23
  7.19
  3.60
  8.73
  3.63
  3.44
  3.36
  3.63
  3.67
  3.19
  3.63
  2.52
  4.13
  8.75
  6.94
  4.26
  2.82
  4.13
  4.75
  3.63
  3.10
  4.20
  2.62
  2.92
  5.79
  4.16
  3.40
  3.71
  2.62
  2.03
  2.92
  3.60
  3.28
  2.10
  3.48
  4.89
  2.23
  2.10
  3.32
  3.89
  4.48
  2.67
  3.48
  3.10
  4.00
  3.32
  3.89
  3.60
  5.50
  2.67
  2.97
  4.51
  3.19
  4.29
 10.99
  2.16
  8.08
  3.28
  3.23
  3.96
  3.60
 10.10
  3.52
  3.63
  3.23
  4.39
  4.51
  3.52
  3.85
  9.19
  4.48
  4.45
  2.73
  2.78
  3.89
  2.82
  3.01
  2.87
  4.06
  4.20
  3.19
  2.10
  3.52
  8.36
  2.82
 10.39
  2.82
  4.63
  3.96
  4.95
  3.23
  4.00
  2.67
  3.44
  2.73
  3.36
  3.82
  3.36
  4.10
  3.19
  2.62
  2.73
  7.76
  2.10
  2.62
  3.28
  3.60
  3.10
  3.52
  2.03
  2.52
  3.28
  3.63
  3.36
  3.89
  3.60
