Measured Diameters
  4.06
  4.75
  2.73
  2.78
  8.02
  3.28
  3.96
  4.13
  8.11
  3.48
  2.87
  3.06
  4.54
  2.46
  2.62
  2.92
  3.28
  3.60
  2.67
  2.87
  3.78
  3.89
  2.62
  4.13
  4.29
  5.72
  2.78
  6.40
  3.60
  3.44
  3.71
  3.01
  2.10
  3.23
  3.19
  3.44
  2.97
  3.82
  3.63
  6.66
  3.82
  2.73
  6.64
  3.48
  7.42
  3.56
  2.73
  2.57
  3.32
  2.97
  3.01
  2.35
  4.42
  2.16
  2.10
  2.23
  2.87
  2.23
  3.15
  6.70
  3.32
  3.78
  4.78
  3.52
  2.23
  2.03
  7.60
  4.63
  7.80
  3.44
  3.89
  2.03
  2.97
  3.01
  3.75
  3.23
  3.32
  4.10
  3.15
  7.49
  2.92
  2.92
  2.46
  2.73
  3.48
  3.75
  3.01
  3.60
  6.70
  2.35
  8.23
 11.48
  2.78
  2.29
  2.97
  3.56
  3.06
  2.03
  2.62
  2.92
  2.46
  3.48
  2.40
  3.28
  3.71
  2.78
  3.44
  4.98
  3.67
  2.73
  2.78
  2.62
  2.35
  2.67
  3.63
  4.84
  3.89
  2.16
  3.40
  3.19
  2.97
  2.78
  2.03
  3.71
  5.72
  4.57
  3.48
  2.62
  3.23
  3.75
  3.44
  3.36
  2.16
  3.52
  3.32
  3.32
  2.92
  3.40
  3.63
  2.92
  2.16
  3.44
  3.15
  3.01
  2.46
  3.32
  2.35
  6.55
  4.13
