Measured Diameters
  4.72
  2.35
 13.08
  4.13
  2.92
  2.73
  2.92
  3.01
  3.75
  2.35
  5.03
  2.78
  3.48
  9.54
  3.28
  5.65
  3.93
  6.32
  3.10
  3.71
  3.36
  2.62
  2.03
  9.25
  2.92
  2.97
  3.19
  6.94
  2.03
  4.54
 10.99
  7.10
  3.32
  3.75
  4.95
 11.73
  5.70
  8.78
  9.64
  2.03
  2.57
  2.97
  3.28
  2.23
  4.03
  7.55
  2.03
  2.40
  5.91
  2.62
  3.78
  3.60
  9.10
  3.06
  7.15
  3.15
  5.75
  2.67
  2.10
  3.82
 13.83
  2.57
  2.16
  3.28
  3.48
  2.67
  3.10
  7.47
  4.81
  2.62
  2.40
  3.40
  3.82
  2.92
  4.66
  5.35
  2.40
  3.10
  9.30
  4.39
  2.97
  2.62
  3.67
  3.10
  3.36
  2.46
  8.19
  3.63
  4.42
  9.33
  2.78
  3.78
  3.36
  9.60
  2.29
  4.98
  2.29
  3.82
  2.52
  3.52
  2.16
  2.03
  2.40
  5.09
  2.29
  3.19
  4.00
  2.10
  3.89
  3.32
  3.71
  4.54
