Measured Diameters
  2.16
  3.60
  7.67
  3.28
 12.04
  9.07
  6.10
  2.62
  6.23
  5.48
  3.01
  2.10
  2.16
  2.78
  3.44
  3.23
  3.40
 11.67
  2.97
  2.67
  3.19
  5.84
  3.44
  2.46
  7.10
  5.22
  3.67
  6.88
  4.45
  7.00
  3.52
  3.23
  3.85
  3.48
  2.62
  3.85
  2.87
  9.46
  3.44
  3.82
  6.36
  3.44
  3.40
  4.81
  5.40
  3.82
  3.32
  3.06
  2.97
  6.76
  7.75
  3.82
  2.67
  3.52
  3.48
 10.56
  4.16
  3.23
  2.67
  4.45
  3.32
  2.52
  3.01
  2.57
  4.95
  8.60
  4.95
  8.01
  2.23
  7.12
  2.23
  7.55
  2.16
  3.15
  7.23
  2.23
  3.48
  5.63
  4.51
  8.67
  5.14
  2.97
  3.06
  3.32
  3.15
  8.02
  4.13
  4.45
  3.36
  4.16
  2.46
  3.56
  4.42
  4.78
  4.72
  7.34
  2.97
  2.35
  3.01
  3.96
  2.78
  2.67
  2.10
  3.23
  5.22
  2.10
  2.78
  3.10
  3.10
  3.28
  3.36
  3.82
  5.63
  6.38
  3.15
  2.67
  8.31
  9.91
  3.71
  7.14
  3.78
  7.57
  6.10
  7.89
  3.40
  2.62
  3.01
  3.48
  3.32
  3.82
  3.06
  4.63
 15.61
  4.06
  7.15
  3.71
  2.52
  6.84
  2.35
  9.59
  7.62
