Measured Diameters
  2.87
  2.92
  7.69
  3.78
  3.56
  5.45
  4.13
  2.16
  2.97
  4.20
  3.01
  2.67
  2.73
  2.97
  3.60
  4.57
  7.25
  3.56
  7.04
  4.00
  3.06
  3.52
  6.03
  4.39
  2.73
  3.75
  3.10
  2.82
  2.82
  3.63
  3.10
  2.40
  3.75
  4.89
  3.96
  4.33
  2.97
  3.63
  2.87
  2.87
 11.82
  2.67
  3.36
  3.60
  2.10
  3.85
  3.82
  2.03
  2.82
  7.51
  8.06
  4.45
  3.89
  2.35
  3.06
  3.75
  3.01
  3.19
  5.06
  4.48
  3.32
  3.06
  9.46
  7.53
  2.97
  2.87
  3.89
  7.57
  4.48
  4.29
  4.20
 11.84
 11.75
  3.60
  3.19
  2.03
  2.23
  2.78
 14.88
  3.52
  2.67
  2.62
  9.59
  2.97
  6.86
  4.03
  2.46
 11.35
  4.10
  7.80
  3.06
  4.13
  3.52
  3.10
  3.75
  2.29
  3.63
  3.40
  2.23
  4.20
  3.60
  4.66
  3.36
  3.28
  3.67
  3.23
  3.40
  6.42
 11.13
  3.36
  2.52
  3.71
  2.23
  6.90
  3.36
  3.06
  6.76
  2.40
  6.12
  4.23
  3.40
  7.38
  6.90
  4.98
  2.87
  3.44
  4.75
  4.75
  3.93
  5.32
  4.06
