Measured Diameters
  3.44
  2.67
  7.99
  2.67
  3.32
 10.45
  6.72
  2.67
  3.06
  3.32
  4.45
  3.75
  2.87
  3.23
  3.52
  2.62
  3.28
  4.00
  3.32
  3.06
  2.62
  3.06
  3.96
  3.44
  3.48
  4.26
  8.01
  3.71
  2.67
  2.03
  6.82
  3.15
  3.23
  2.57
  3.56
  2.23
  2.87
  2.62
  3.40
  4.13
  6.72
  2.57
  2.10
  3.19
  2.46
  2.52
  3.67
  2.87
 10.04
  2.57
  4.42
  7.29
  3.32
  3.01
  3.67
  2.78
  3.93
  3.32
  2.46
 13.44
  6.76
  4.06
  2.52
  2.67
  2.52
  3.01
  5.09
  2.87
 11.23
  3.23
  3.28
  4.57
  6.47
  6.59
  3.89
  3.06
  2.40
  3.40
  3.44
  2.78
  4.33
  7.06
  6.51
  2.16
  2.57
  3.15
  2.78
  2.82
  3.19
  3.36
  2.82
  3.06
  3.36
  6.88
  3.32
  3.36
  9.21
  3.28
  3.44
  2.97
  3.10
  2.97
  2.03
  2.97
  2.57
  3.60
  3.32
  3.71
  3.06
  2.97
  3.28
  7.73
  3.85
  3.32
  3.60
  4.16
  3.19
  3.10
  3.44
  2.82
  2.40
  4.86
  3.67
  5.58
  2.97
  3.78
  2.78
  3.36
  2.82
  2.78
  2.40
  2.57
  3.28
  2.10
  2.97
  2.10
  7.58
  2.87
  4.23
  3.82
  2.78
  3.85
  7.38
 14.17
  4.60
  2.03
  6.21
  3.23
  5.03
  3.01
  4.23
  3.78
  3.19
