Measured Diameters
  3.36
  3.60
  2.92
  3.15
  3.63
  3.28
  3.85
  2.82
  2.35
  2.73
  2.23
  3.93
  3.96
  9.21
  3.15
  3.40
  3.19
  3.78
  2.97
  3.78
  4.00
  3.52
  2.03
  4.00
  3.06
  2.82
  3.32
  3.60
  7.60
  3.19
  3.48
  2.92
  2.10
  3.44
  8.81
  3.32
  2.62
  2.23
  6.94
  3.01
  4.16
  3.67
  2.97
  3.40
  2.10
  2.67
  2.97
  4.13
  8.52
  2.92
  3.40
  4.39
  2.03
  2.97
  3.44
  3.63
  3.52
  2.40
  5.11
  3.67
  3.67
  3.32
  3.15
  3.85
  4.23
  3.78
  3.40
  7.38
  3.52
  3.01
  3.36
  9.33
  6.25
  4.51
  2.92
  6.66
  3.82
  3.52
  3.19
  3.52
  3.19
  3.44
  2.35
  7.34
  4.42
  4.16
  2.82
  3.52
 12.86
  3.67
  3.36
  3.85
  3.67
  9.06
  3.56
  2.92
  3.89
  8.31
  2.67
  2.97
  3.63
  2.40
  8.60
  2.78
  3.67
  2.92
  4.95
  3.71
  9.52
  3.36
  4.00
  2.97
  3.36
  2.35
  3.01
  5.43
  3.01
  3.85
  3.52
  3.93
  2.78
  7.83
  7.02
  3.63
  3.28
  2.62
  2.23
  2.46
  4.00
  3.48
  2.57
  3.56
  2.62
  3.96
  3.67
  3.89
  3.32
  3.23
  3.52
  4.36
  2.23
  4.84
  3.19
  3.93
  3.15
  3.19
  5.14
  3.32
  3.32
  4.06
  3.28
  3.36
  2.82
 10.19
  3.48
  2.67
  2.10
  2.23
  2.35
  3.32
  3.15
  3.71
  5.06
  3.48
  3.48
  2.52
  3.32
  2.67
  2.29
  4.06
 11.45
  4.60
  8.90
  4.66
 10.79
  3.67
  2.16
  2.29
  3.36
  2.78
  4.03
  3.23
