Measured Diameters
  2.16
  3.32
  2.23
  3.23
  2.92
  5.50
  3.96
  3.44
  2.82
  4.23
  3.28
 13.79
  4.63
 13.59
  3.10
  7.10
  4.20
  2.73
  6.16
  7.64
  6.72
 11.99
  3.32
  2.52
  2.16
  3.75
  3.01
  4.86
  3.56
  2.73
  3.32
  2.73
  3.01
  9.97
 16.93
  4.45
 12.89
  4.16
  8.64
  3.52
  3.89
  3.82
  4.95
  2.40
  5.91
  3.06
  2.73
  3.44
  2.46
  2.10
  3.28
  4.66
  4.39
  2.10
  3.89
  2.29
  2.73
  6.38
  3.40
  8.28
  2.78
  2.73
  3.78
  3.71
  3.44
  2.57
 14.65
  4.10
  7.75
  3.75
  2.23
  3.96
  2.62
 10.41
  4.16
  3.32
  7.08
  5.58
  2.10
  3.67
  3.52
  4.48
  4.81
  9.01
  3.85
 10.60
 10.60
 14.62
  2.92
  3.44
  5.72
  5.70
  6.55
  4.66
  5.19
  2.23
  4.06
  3.40
  6.80
  3.82
  2.73
  2.73
  2.35
  4.95
  2.16
  2.73
  5.84
  3.06
  2.46
  2.82
  2.62
  7.44
  2.97
  2.16
  5.43
  9.15
  5.93
  2.62
  3.36
  4.75
  5.11
  2.62
  3.48
 13.26
  3.85
 10.65
  2.40
  2.87
  4.92
  4.42
  4.39
 11.73
  5.09
 13.59
  2.10
  3.40
  5.75
 12.49
  3.67
  2.29
 14.61
  2.78
  2.97
 10.58
  4.06
  2.40
  2.52
  2.23
  3.06
  6.10
  3.96
  3.96
  4.26
  3.06
  3.28
  3.75
  3.52
  4.16
 10.49
  4.00
  2.46
  8.95
  3.67
  5.50
  2.40
  4.42
  3.19
  3.23
  2.10
  4.75
  2.92
  4.39
  3.19
  8.70
  3.71
  4.66
  3.06
  2.97
  2.82
  3.40
  2.92
  3.71
  3.78
  4.57
  9.67
  4.10
  2.62
  4.23
  3.85
  9.63
  5.45
  3.96
  3.63
  4.36
  4.54
