Measured Diameters
  3.36
  4.23
  3.32
  2.78
  2.40
  2.87
  4.51
  3.01
  2.52
  2.03
  3.15
 10.09
  3.63
  5.98
  3.36
  3.32
  3.19
  2.57
  3.56
  3.44
  3.15
  4.29
  3.40
  3.28
  3.36
  3.93
  2.97
  6.66
  4.63
  3.48
  8.68
  4.57
  2.57
  7.87
  3.48
  3.23
  6.38
  3.52
  3.28
  3.28
  4.98
  2.78
  2.23
  2.92
  3.10
  3.52
  2.23
  3.06
  7.67
  3.63
  3.60
  3.56
  2.62
  3.48
  3.44
  2.82
  4.89
  3.23
  3.60
  3.23
  6.61
  7.69
  3.06
  3.60
  3.23
  2.73
  3.36
 11.66
  3.63
  7.29
  3.19
  2.78
  2.92
  2.35
  2.78
  3.71
  3.52
  2.29
  7.25
  2.92
  3.06
  7.40
  4.75
  3.10
  3.60
  7.38
  2.78
  4.03
  8.78
  3.96
  2.97
  7.46
  4.03
  3.01
  7.14
  3.19
  2.92
  2.16
  2.87
  3.48
  3.67
  3.78
  3.28
  3.40
  2.67
  3.28
  4.03
 13.50
  7.64
  2.87
  2.03
  2.62
  3.67
 12.80
  3.10
  4.29
  7.12
  6.92
  3.23
  7.04
  3.52
  6.66
 13.66
  3.23
  3.01
  3.06
  3.75
  3.48
  2.97
  3.67
  6.34
  3.48
  3.96
  2.67
  6.84
  2.23
  3.75
  3.82
  3.36
  3.60
  8.24
  5.63
  4.16
  3.23
  2.62
  3.28
  4.03
  3.93
  2.97
  4.95
  2.92
  2.87
  2.67
  2.52
  4.16
