Measured Diameters
  3.28
  4.26
  6.70
  2.92
  4.78
  3.89
  2.62
  3.78
  3.15
  4.03
  3.82
  4.26
  4.03
  3.48
  2.97
  3.44
  4.63
  3.01
  3.15
  6.84
  3.96
  2.57
  3.78
 11.88
  4.03
  3.63
  6.32
  3.60
  2.52
  3.71
  2.97
  3.71
  2.29
  2.52
  6.29
  3.44
  4.45
  8.11
  3.71
  4.33
  4.86
  4.48
  2.92
  3.15
  3.44
  4.29
  3.75
  3.32
  3.96
  2.67
  2.82
  3.06
  8.36
  4.29
  6.10
  2.10
  4.00
  3.48
  3.93
  9.87
  4.03
  2.40
  8.75
  4.10
  3.85
  3.52
  4.60
  4.23
  4.23
  3.23
  2.23
  2.82
  3.28
  4.48
  9.01
  4.00
  2.16
  3.78
 11.45
  3.23
  4.33
  3.36
  2.92
  2.46
  4.16
  2.67
  3.28
  5.06
  3.15
  3.10
  2.40
  5.50
  3.32
  5.35
  3.36
  2.73
  2.29
  3.78
  4.13
  2.46
  8.84
  3.85
  3.48
  2.16
  3.19
  3.56
  8.81
  3.40
  4.20
  3.82
  2.57
  4.81
  3.15
  2.52
  5.11
  9.52
  2.78
  2.35
  3.89
  4.20
  3.40
  3.63
  4.29
  3.44
  3.44
  6.38
  4.06
  3.32
  7.49
  5.17
  3.85
  3.71
  3.36
  4.60
  5.09
  3.85
  3.71
  2.92
  2.87
  2.92
  5.25
  3.40
  4.98
  4.89
  7.55
  3.82
  2.23
  3.78
  2.03
  2.87
  5.25
  4.95
  7.21
  2.73
  4.45
  6.18
  7.97
  4.39
  4.10
 14.81
  3.89
  2.29
  6.68
  3.96
  3.63
  3.15
