Measured Diameters
  3.60
  2.10
  7.96
  8.57
  2.97
  2.82
  2.10
  3.78
  9.04
  3.36
  3.36
  7.51
  4.06
  3.56
  8.01
  3.48
  2.35
  2.87
  3.19
  3.10
  2.23
  2.82
  3.75
  3.23
  4.72
  2.46
  3.19
  6.86
  3.75
  3.40
  2.97
  3.60
  3.63
  6.18
  2.57
  3.28
  6.51
  2.03
  2.57
  2.87
  8.99
  5.60
  3.19
  3.56
  4.54
  3.01
  3.19
  3.96
  3.93
  3.15
  3.28
  3.96
  3.32
  2.73
  2.92
  2.73
  2.62
  2.73
  2.03
  4.06
  2.67
  3.60
  3.40
  4.26
  3.78
  2.03
  2.67
  6.80
  2.73
  7.51
  8.46
  3.15
  3.23
  2.73
  2.82
  3.19
  5.77
  2.29
  3.06
  3.93
  2.97
  3.48
  4.57
  3.15
  5.06
  4.54
  3.44
  3.52
  4.63
  3.28
  3.15
  3.32
  5.14
  7.60
  3.23
  2.40
  3.36
  3.82
  4.26
  3.19
  3.01
  6.34
  4.10
 10.94
  3.44
  4.86
  2.03
  3.60
  7.67
  2.46
  2.92
  3.23
  3.56
  3.15
  2.97
  3.93
  3.67
  2.67
  3.10
  3.23
  8.70
  3.44
  7.58
  2.97
  3.85
  3.63
  9.03
  2.52
  3.93
  3.40
  3.60
  2.67
  3.28
  3.40
  4.26
  4.36
  5.79
  2.87
  2.03
  3.56
  2.52
  3.78
  3.48
  7.78
  2.92
  6.45
  3.52
  4.51
