Measured Diameters
  7.66
  5.96
  4.63
  9.03
  2.78
  4.45
  3.15
  4.23
  3.40
  6.42
  2.97
  4.42
  4.10
  2.46
  9.21
  3.56
  3.23
  3.32
  4.16
  4.84
  7.62
  3.48
  4.23
  2.57
  8.23
  3.06
  3.67
  3.19
  3.82
  8.02
  4.95
  5.98
  4.10
  2.92
  4.42
  3.71
  7.04
  3.56
  7.60
  4.48
  4.84
  2.92
  4.13
  2.35
  2.52
  3.15
  2.57
  4.03
  5.09
  2.92
  3.28
  8.36
  4.89
  4.98
  2.29
  9.34
  3.78
  9.34
  3.06
  9.18
  9.07
  5.50
  7.97
  2.67
  2.46
  3.06
  3.06
  7.80
  3.19
  3.40
  3.15
  4.29
  3.44
  5.67
 12.32
 11.30
 10.67
  3.78
  2.16
  6.03
  2.16
  4.75
  2.23
  2.73
  2.73
  8.34
  3.96
  3.28
  4.66
  6.27
  3.23
  4.51
  3.67
  3.67
  8.75
  6.34
  4.33
  3.19
  3.36
  2.87
  6.07
  4.42
  8.99
  5.82
  3.78
  5.27
  2.97
  4.39
  2.03
  2.62
  3.82
  3.52
  3.96
  7.40
  4.48
  3.96
  2.92
  3.15
  8.44
  4.78
  3.75
  4.63
  7.78
  4.63
  4.86
  5.00
  3.48
  4.95
  2.97
  2.29
  3.36
  2.35
  6.66
  6.80
  7.12
  2.29
  3.15
  4.60
  2.82
  4.33
  3.19
  3.56
  2.29
  7.49
  3.67
  3.96
  2.52
  4.33
  3.93
  5.11
  3.52
  8.92
  3.52
  2.35
  4.57
  4.42
  3.56
  3.15
 11.84
 10.37
  9.15
  2.52
  4.20
  2.67
  4.63
  6.00
  5.25
  2.52
  3.01
  5.58
