Measured Diameters
  3.15
  2.16
  3.10
  2.78
  7.78
  2.62
  2.46
  5.79
  2.82
 12.10
  9.49
  3.52
  8.78
  2.67
  2.78
  3.06
  2.78
  5.91
  2.87
  3.32
  2.23
  3.40
  4.63
  2.78
  7.96
  4.16
  6.40
  3.23
  3.60
 13.61
  6.05
  4.03
  2.29
  2.78
  4.16
  2.82
  6.70
  7.27
  2.40
  2.10
  3.19
  3.44
  7.62
  2.78
  7.31
  3.10
  2.10
  3.71
  3.78
  3.15
  7.55
 11.05
  2.40
  4.57
  3.63
  3.56
  9.87
  2.52
  2.03
  4.06
  3.15
  3.23
  3.40
  3.96
  2.40
  3.82
  2.97
  3.01
  8.57
  2.03
  3.36
  3.06
  6.74
  3.32
  3.01
  3.19
  7.23
  2.46
  2.10
  2.46
  3.63
  4.00
  3.85
  2.67
  6.90
  3.01
 10.89
  8.36
  8.18
  3.32
  8.99
  3.32
  8.34
  2.87
  2.23
  3.44
  6.70
  2.67
  6.64
  3.78
  6.38
  3.06
  2.16
  3.93
  8.28
  3.10
  3.56
  2.10
  3.52
  4.16
  2.97
  2.87
  5.17
  3.28
  3.60
  3.67
  2.40
  8.65
  3.67
  2.46
  4.03
  3.67
  3.19
  7.62
  3.23
  3.36
  3.71
  3.10
  2.73
 10.08
  3.82
  2.16
 12.01
 12.87
  9.70
  8.64
  3.96
  4.10
  2.03
  3.10
  3.67
  4.00
  4.69
  3.93
