Measured Diameters
  9.33
  2.52
  3.56
  4.13
  2.23
  9.38
  6.59
  3.01
  2.78
  3.36
  4.54
  9.81
 12.42
  2.35
  2.03
  7.99
  3.06
  8.02
  3.60
  3.93
  3.28
  4.23
  3.01
  3.36
  2.82
  2.92
  2.92
  7.73
  3.32
  4.16
  3.15
  6.94
  8.08
  2.78
  3.32
  4.00
  4.16
  2.67
  4.16
  2.35
  2.23
  3.40
  4.36
  4.06
  2.40
  3.93
  3.75
 10.45
  2.73
  3.63
  3.10
  3.48
  8.89
  4.69
  2.29
  3.36
  4.33
  4.92
  4.13
  3.82
  3.85
  2.16
  3.60
  4.54
  4.42
  3.19
  3.63
  4.45
  4.13
  7.27
  4.39
  3.63
  2.16
  2.73
  2.78
  4.10
  3.52
  3.63
  3.06
  4.06
  7.34
 13.18
  4.13
  2.87
  2.87
  3.23
  2.67
  3.82
  8.02
  3.85
  3.10
  3.63
  3.85
 11.55
  4.29
 10.53
  3.67
  3.32
  3.75
  9.18
  6.98
  4.66
  4.33
  2.73
  4.78
  3.67
  3.36
  2.46
  3.96
  2.87
  4.26
  2.46
  2.92
  2.40
  2.62
  6.18
  4.54
  3.56
  3.52
  5.19
  6.96
  2.73
  8.56
  3.85
  9.76
  3.44
  4.00
  2.87
  3.75
  3.52
 10.45
  3.06
  3.19
  2.67
  4.13
  3.75
  4.45
  2.35
  2.82
  2.10
  2.92
  4.54
  2.92
  2.29
  9.83
