Measured Diameters
  5.63
  9.21
  2.29
  4.03
  4.13
 10.69
  4.33
  4.66
  3.06
  2.46
  4.03
  5.22
  3.44
 10.24
  4.20
  4.98
  7.87
  2.67
  2.87
  4.86
  3.48
  3.10
  4.29
  3.48
  4.00
 10.99
  4.42
  8.93
  4.75
  3.78
  2.62
  9.99
  3.40
  2.82
  2.73
  4.86
  2.35
  4.60
  3.48
  3.60
  2.40
  6.40
  3.01
  4.45
  5.89
  2.62
  8.09
  2.46
  3.36
  2.97
  7.92
  3.15
  2.16
  2.67
  3.44
  3.10
  4.16
  3.60
  4.16
  3.10
  3.15
  3.01
  2.29
  2.87
  2.92
  4.86
  3.60
  3.15
  9.74
  3.89
  2.92
  2.82
 14.75
 10.37
  4.89
  2.16
  2.52
  8.08
  4.03
  2.62
  3.96
 12.71
  2.87
  6.45
  7.73
  2.03
  3.82
 10.69
  3.71
  3.40
  2.16
  7.82
  3.82
  2.92
 11.29
 10.33
  3.28
  2.87
  3.82
  3.67
  2.16
  3.44
  3.15
  4.00
  4.51
  8.06
  8.52
  4.00
  2.62
  2.16
  4.13
  2.40
  9.09
  2.10
  7.90
  3.19
  2.67
  5.09
  4.39
  2.78
  9.62
  2.67
  3.93
  3.75
  7.14
  4.42
  5.77
  3.23
  2.92
  3.32
  4.42
  2.62
  3.15
  3.89
  2.62
  4.36
  7.53
  3.19
  3.44
  2.97
  3.28
  2.29
  2.67
  3.15
  7.69
  5.19
  2.82
  3.78
  9.16
  3.19
  3.36
 17.14
  6.27
  3.32
  3.67
  5.48
  3.28
  2.78
  4.95
