Measured Diameters
  4.20
  4.36
  3.23
  2.87
  2.46
  2.82
  3.60
  7.21
  4.29
  7.08
  3.52
  2.52
  2.87
  7.29
  2.16
  5.35
  3.85
  3.01
  2.97
  5.32
  9.57
  3.01
  4.75
  3.52
  6.55
  3.60
  5.00
  3.56
  2.52
  3.06
  4.06
  4.95
  4.29
  3.28
  8.84
  2.87
  3.10
  2.87
  2.40
  2.40
  9.28
  4.69
  2.97
  6.59
  7.06
  4.00
  2.73
  2.29
  3.63
  3.36
  3.52
  3.71
  3.19
  2.29
  3.01
  2.82
  2.52
  2.52
  3.40
  3.19
  3.40
  6.64
  3.23
  4.75
  2.62
  4.06
  2.73
  3.36
  2.82
  2.16
  3.40
  3.19
  2.57
  3.23
  4.16
  7.62
  8.46
  3.78
  2.73
  2.16
  6.29
  4.00
  6.27
  2.40
  2.35
  5.89
  4.33
  4.48
  6.66
  3.10
  3.78
  3.85
  2.35
  3.89
  2.62
  3.63
  4.75
  3.10
  3.78
  2.67
  4.66
  3.67
  7.31
  5.09
  7.27
  4.06
  2.40
  2.46
  6.72
  3.48
  7.60
  3.93
  3.01
  3.28
  2.52
  7.67
  2.67
  3.23
  3.10
  2.62
  3.32
  7.69
  3.23
  4.89
  4.84
  3.75
  3.67
  2.92
  4.06
