Measured Diameters
  8.43
  3.32
  4.10
  3.19
  7.08
  2.78
  3.36
  3.15
  3.23
  3.67
  3.96
  7.29
  4.78
  4.06
  6.96
  3.67
  3.71
  3.36
  2.03
  3.60
  2.82
  4.45
  4.78
  2.73
  3.06
  3.82
  3.56
  3.15
  7.75
  4.42
  6.53
  3.78
  2.46
  4.39
  2.78
  4.48
  8.90
  7.29
  5.06
  4.16
  3.36
  3.15
  3.01
  4.66
  2.78
  3.89
  3.56
  2.92
  8.98
  3.36
  4.23
  3.19
  3.44
  7.60
  6.96
  4.78
 12.01
  4.26
  3.23
  2.40
  3.40
  3.40
  6.82
  3.32
  4.06
  2.16
  3.60
  3.71
  3.78
  4.66
  3.52
  3.36
  3.71
  3.52
  3.40
  3.44
  3.67
  6.98
  3.01
  2.03
  2.67
  3.48
  3.63
  2.78
  4.06
  3.06
  3.28
  2.92
  3.19
  2.10
  4.60
  4.63
  2.78
  3.10
  3.44
  3.19
  4.39
  2.52
  3.10
  3.06
  3.01
  3.71
  3.10
  4.42
  6.74
  5.14
  5.03
  2.52
  3.71
  3.93
  3.63
  4.00
  3.85
  3.71
  2.57
  4.51
  3.67
  4.42
  3.40
  3.56
  4.13
  2.35
  3.78
  2.73
  3.48
  2.73
  2.23
  2.23
  3.10
  3.28
  4.42
  4.06
  2.82
  3.63
  4.29
  3.82
  3.60
  2.67
  3.60
 10.94
  4.29
  4.13
  3.28
  4.39
  9.13
  7.38
  2.29
  2.52
  3.10
