Measured Diameters
  8.52
  2.87
  4.60
  3.52
  3.60
  3.15
  2.78
  3.23
 12.66
  8.14
  3.10
  3.19
  6.16
  3.19
  2.62
  2.16
  3.15
  2.46
  2.67
  3.44
  3.60
  3.44
  4.69
  2.67
  7.64
  3.60
  3.82
  2.78
  3.52
  3.06
  4.72
  2.46
  7.87
  3.63
  3.89
  3.10
  4.06
  2.78
  7.44
  3.75
  2.97
  3.19
  2.73
  3.44
  2.92
  3.32
  2.03
  4.03
  2.46
  7.23
  3.10
  2.52
  2.67
  2.29
  3.96
  2.46
  7.60
  3.60
  4.16
  3.82
  2.16
  8.01
  4.42
  3.78
  4.10
  3.19
  8.06
  3.15
 11.79
  3.78
  4.26
  6.53
  3.44
  2.57
  2.16
  2.62
  3.15
  3.06
  4.42
  3.10
  7.25
  3.75
  8.08
  4.92
  3.67
  2.29
  3.06
  8.49
  3.40
  3.10
  3.32
  8.84
  7.02
  2.87
  2.78
  3.23
  3.10
  2.67
  4.20
  3.44
  4.45
  7.04
  3.44
  3.71
  3.75
  2.82
  2.57
  3.60
  3.10
  4.48
  3.44
  3.78
  3.56
  3.23
  3.01
  3.19
  2.62
  3.93
  2.57
  3.40
  3.52
  2.87
  3.48
  4.23
  3.52
  3.52
  3.36
  2.67
  9.98
  3.52
  3.36
  4.06
  4.23
  3.10
  3.78
  3.67
  3.89
  2.92
  2.78
  3.52
  3.40
  2.82
  4.13
  7.31
  4.84
  3.71
  2.73
  7.62
  3.89
  3.28
  6.78
  3.15
  3.67
  9.76
  4.16
  3.36
  8.87
  7.57
  3.44
  3.75
