Measured Diameters
  3.75
 11.15
  2.16
  4.06
  2.87
  4.60
  9.46
  3.36
  4.45
  3.01
  2.67
  3.82
  3.32
 13.00
  3.60
  2.29
  7.75
  4.23
  4.75
  3.78
  2.82
  5.17
  2.67
  3.60
  2.78
  2.92
  3.23
  2.87
  3.85
  2.97
  3.44
  3.28
  2.62
  8.54
  3.71
  2.35
  3.96
 13.56
  6.32
  2.97
  3.67
  3.44
  3.56
  4.20
 11.90
  3.89
  4.03
  4.00
  6.29
  4.45
  8.09
  4.13
  2.73
  5.35
  2.87
  7.62
  5.17
 10.73
  4.33
  3.71
 12.71
  2.82
  2.40
  2.78
  3.06
  6.74
  2.67
  2.57
  3.06
 10.71
  4.51
  7.25
  4.98
  4.42
  2.16
 15.40
  4.57
  4.86
  6.90
  8.51
  2.82
  2.03
  2.82
  4.06
  4.16
  3.28
  2.82
  2.40
  2.92
  9.35
  4.42
  3.06
  4.42
  4.03
  2.52
  2.97
  3.23
  3.63
  3.56
  3.01
  3.82
  3.67
  9.56
  2.67
  2.97
  2.97
  3.15
  3.28
 11.54
  2.23
  3.19
  3.36
  3.32
  2.82
  3.32
  7.66
  2.46
