Measured Diameters
  3.01
  3.93
  4.20
  2.73
  3.60
  7.97
  2.40
  4.42
  3.15
  3.10
  3.10
  2.82
  3.28
  3.63
  3.85
  8.62
  3.40
  2.40
  4.23
  3.23
  2.82
  3.01
  3.28
  3.28
  4.00
  2.23
  7.89
  3.75
  3.10
  4.00
  3.23
  3.56
  2.87
  3.89
  3.06
  7.46
  3.06
  3.40
  3.56
  3.52
  2.10
  4.33
  3.32
  2.23
  2.10
  3.23
  3.67
  4.57
  3.60
  3.52
  2.52
  6.57
  3.40
  2.62
  6.18
  3.06
  3.56
  8.01
  2.46
  3.93
  2.46
  3.56
  2.29
  3.06
  2.52
  2.73
  4.45
  4.06
  3.63
  2.78
 13.54
  3.40
  2.92
  2.57
  2.92
  3.06
  2.57
  2.46
  2.29
  2.52
  3.01
  2.35
 11.86
  6.74
  3.32
  3.52
  6.96
  2.82
 17.80
  3.32
  9.70
  7.08
  4.13
  3.52
  2.67
  3.52
  2.82
  3.89
  3.89
  8.01
  2.97
  4.51
  4.06
  4.16
  2.57
  6.16
  2.82
  3.67
  2.82
  2.67
  4.03
  3.36
  3.23
  5.60
  3.52
  2.78
  2.82
  7.55
  4.26
  2.87
  2.97
  4.06
  2.62
  2.92
  2.82
  4.10
  6.70
  2.97
  2.97
  7.42
  7.14
  2.97
  3.96
  2.46
  2.73
  3.36
  3.67
  3.71
  3.19
  2.67
  3.67
  2.03
  2.29
  2.87
  5.03
  3.32
  3.52
  3.01
  2.52
  8.52
  2.87
  4.06
