Measured Diameters
  4.39
  9.30
  2.82
  3.82
  4.10
  3.67
  3.52
  3.28
  2.57
  2.10
  2.62
  6.92
  8.82
  4.69
  3.78
  3.89
  4.20
  4.78
  2.46
  3.15
  2.73
  3.78
  3.28
  3.06
  7.46
  3.06
  3.40
  4.23
  3.32
  6.27
  8.68
  2.35
  2.57
  3.15
  3.23
  4.36
  2.29
  2.03
  3.40
 10.71
  7.44
  3.32
  7.23
  2.57
  2.46
 10.63
  7.85
  2.29
  3.23
  2.40
  2.23
  4.26
  2.40
  9.62
  7.69
  3.71
  8.92
  4.23
  4.06
  3.36
  2.23
  4.10
  3.89
  4.03
  4.29
  3.36
  3.28
  2.87
  3.36
  2.57
  2.23
  2.40
  3.67
  2.62
  8.38
  4.78
  2.78
  9.70
 12.71
  7.38
  3.15
  4.45
  3.40
  2.73
  5.30
  2.40
  5.17
  2.52
  3.44
  8.06
  3.56
  3.06
 11.64
  4.10
  2.29
  3.01
  4.92
  3.48
  3.63
  3.52
  3.10
  2.62
  3.52
  4.06
  4.29
  4.03
  4.10
  4.33
  3.15
  4.06
  3.32
  7.82
  3.85
  2.97
  7.69
  3.93
  3.75
  6.86
  3.71
 10.32
  2.40
  4.20
  3.19
  3.85
  8.79
  3.01
  2.62
  3.89
 15.57
  9.09
  3.52
  3.63
 10.17
  9.99
  2.23
  4.26
  3.06
  4.51
  3.40
  4.16
  4.95
  2.57
