Measured Diameters
  3.89
 11.23
  4.45
  2.03
  4.10
  4.60
  3.06
 10.66
  5.19
  2.52
  3.06
  4.36
  3.06
  4.72
  3.28
  4.54
  4.16
  6.72
  2.52
  2.16
  4.81
  3.52
  2.57
  3.28
  3.75
  3.01
  2.97
  6.98
  5.48
  3.06
  3.19
  3.06
  3.78
  4.16
  3.10
  3.23
  2.92
  3.56
  5.96
  8.04
  2.82
  3.36
  4.06
  7.51
  3.56
  3.40
  3.48
  3.15
  8.43
  3.06
  3.28
  3.15
  8.04
  4.39
  3.52
  3.10
  2.40
  7.67
  3.23
  2.10
  2.82
  3.40
  4.00
  3.28
  3.10
  8.78
  3.60
  2.67
  3.78
  3.36
  5.63
  2.67
  2.10
  3.32
  2.87
  2.78
 12.02
  4.26
  2.67
  2.78
  3.32
  3.78
  8.13
  3.48
  3.32
  3.75
  2.97
  3.15
  3.63
  3.93
  3.10
  4.13
  3.19
  3.32
  5.89
  8.23
  3.82
  3.32
  3.15
  3.28
  2.10
  2.03
  7.78
  3.19
  3.01
  2.62
  2.67
  3.15
  2.10
  2.23
  3.56
  2.40
  2.73
  4.20
  2.87
 12.62
  3.96
  3.23
  3.85
  2.29
  4.69
  2.52
  4.00
  3.10
 10.60
  2.92
  2.82
  2.92
  2.87
  2.23
  3.23
  8.43
  9.09
  3.71
  2.92
  8.47
  3.48
  2.57
  3.06
  2.78
  4.57
  3.19
  3.10
  7.15
