Measured Diameters
  3.01
 10.41
  8.65
  3.67
  2.62
  7.06
  4.03
  9.12
  3.28
  4.54
  8.62
  3.36
  8.09
  2.46
  3.15
  5.32
  2.67
  5.00
  3.60
  2.78
  5.35
  4.69
  2.82
  6.10
  4.48
  2.57
  2.92
  4.45
  2.62
  3.48
  3.82
  8.08
  2.40
  7.80
  4.16
  3.82
  4.03
  2.35
  3.82
  4.66
  4.16
 10.66
  8.52
  4.16
  4.69
  8.28
  2.03
  5.45
  2.62
  6.80
  3.71
  4.39
  2.57
  2.40
  7.96
  3.85
  3.40
  3.19
 10.35
  3.19
  3.60
  3.89
  4.00
  2.87
  4.33
  2.23
  4.45
  3.52
  5.32
  9.67
  2.82
  3.32
  8.75
  3.01
  4.42
  3.15
  7.40
  5.00
 16.93
  6.53
  3.85
  3.15
  2.29
  7.49
  3.32
  3.44
  2.73
  3.44
  4.45
  4.00
 11.58
  5.72
  2.78
  2.97
  3.48
  3.85
  8.31
  2.10
  2.23
  9.40
  3.36
  3.40
  4.29
  4.03
  3.44
  3.01
  3.60
  3.78
 10.16
 11.18
  3.23
  2.57
  4.54
  2.16
  2.92
  2.67
  8.68
  3.75
  3.75
  4.00
  2.67
  7.44
  4.81
  6.55
  4.63
  6.36
  2.10
  2.57
  2.16
  9.34
  3.06
  7.66
  2.10
  3.01
  3.32
  4.78
  3.78
  2.82
  3.01
  3.44
  2.03
  3.96
  3.36
  3.10
 11.45
  3.40
  3.60
  5.67
  4.29
  4.33
  5.89
  2.16
  4.57
  3.67
  3.06
  2.87
  7.44
  2.16
  4.36
  3.19
  2.73
  3.60
 10.54
  5.09
  4.03
  3.63
