Measured Diameters
  2.87
  3.56
  4.60
  2.29
  4.89
  3.60
  6.68
  3.82
  2.23
  3.82
  3.96
  2.62
  6.88
  6.32
  3.48
  2.10
  4.33
  2.10
  4.48
  2.62
  7.15
  2.73
  4.39
  3.44
  3.23
  3.63
  7.96
  8.24
  3.71
  3.48
  3.96
  3.78
  7.34
  3.23
  2.57
  2.57
  3.44
  3.52
  7.90
  2.62
  5.35
  3.78
  3.96
  2.52
  2.97
  3.19
  2.40
  2.82
  3.71
  4.26
  3.32
  6.90
  2.97
 11.41
  3.23
  2.97
  4.13
  2.10
  8.46
  3.06
  3.71
  7.99
  2.73
  2.35
  3.32
  7.78
  3.96
  8.90
  3.60
  2.52
  7.55
  3.60
  6.74
  2.87
  2.57
  4.29
  3.06
  2.67
  2.03
  3.10
 13.71
  7.33
  4.06
  4.06
  3.01
  3.32
  7.82
  3.82
  5.67
  2.62
  2.03
  7.94
  3.63
  4.81
  7.21
  2.35
  2.67
  9.59
  3.28
  2.82
  9.15
  4.06
 10.44
  4.39
  3.40
  3.67
  3.06
  7.76
  3.23
  3.06
  3.56
  4.26
  3.52
  2.23
  3.67
  3.19
  2.03
  3.78
  6.51
  5.72
  3.96
  3.36
  3.52
  2.03
  3.89
  5.43
  3.06
  4.00
  4.03
  3.82
  3.67
  2.73
  4.51
  2.52
  3.60
  4.29
  3.40
  3.28
  2.57
  2.40
  2.92
  2.40
  2.29
  6.90
  3.48
  3.96
  5.17
  4.23
  2.82
