Measured Diameters
  3.40
  3.10
  4.06
  2.62
  2.82
  4.00
  4.00
  3.32
  4.00
  3.19
  4.54
  3.19
  3.75
  3.60
  3.10
  3.36
  7.44
  3.28
  2.16
  2.78
  3.63
  3.75
  2.87
  2.73
  4.03
  3.15
  3.75
  4.63
  5.14
  3.36
  3.01
  2.87
  5.58
  3.06
  2.73
  2.23
  2.87
  7.38
  8.87
  3.93
  3.60
  3.93
  2.52
  3.67
  2.78
  4.26
  3.32
  4.78
  2.78
  7.21
  4.48
  4.89
  7.06
  4.72
  3.32
  4.66
  3.01
  2.87
  3.19
  2.10
  3.23
  6.92
  2.35
  2.87
  3.85
  4.06
  3.71
  3.48
  3.28
  4.63
  3.82
  2.92
  2.10
  2.57
  3.85
  3.15
  4.20
  7.94
  2.62
  8.70
  4.03
  3.06
  3.23
  7.06
  3.01
 10.74
  2.92
  8.04
  3.19
  2.46
  2.23
  3.10
  2.82
  6.86
  3.52
  2.57
  2.92
  3.48
  2.73
  2.52
  2.92
  3.56
  3.01
  3.19
  2.82
  4.29
  3.01
  4.26
  3.23
  4.54
  4.60
  3.67
  7.57
  3.01
  5.89
  3.85
  2.78
  3.67
  3.44
  3.75
  2.73
  3.63
  2.73
  4.16
  2.46
  2.87
  3.15
  6.53
  2.16
  3.60
 11.12
  2.23
  3.63
  3.48
  2.82
  2.52
  7.64
  2.92
  3.32
  2.10
  5.19
  2.87
  2.40
  3.28
  3.40
  3.82
