Measured Diameters
  3.48
  3.19
  2.73
  2.35
  2.57
  2.10
  3.52
  2.62
  3.44
  2.82
 11.17
  8.19
  3.15
  2.57
  4.33
 10.05
  7.00
  3.96
  2.10
  3.19
  5.03
  2.10
  7.75
  5.38
  3.40
  3.40
  3.28
  3.23
  2.82
  3.01
  3.60
  5.72
  3.82
  3.44
  2.82
  3.44
  3.85
  5.09
  3.89
  2.67
  2.73
  3.32
  2.97
  4.16
  3.93
  4.10
  2.78
  3.48
  3.06
  2.35
  6.51
  4.06
  3.15
  4.06
  3.63
  4.36
  4.29
  7.94
  6.86
  2.67
  3.44
  4.03
  3.06
  4.03
  2.10
  2.40
  3.28
  4.42
  4.06
  3.56
  3.78
  2.40
  3.60
  3.10
  3.01
  4.72
  2.29
  3.15
  3.48
  3.28
  3.32
  4.45
  3.10
  2.97
  2.82
  3.15
  8.90
  2.46
  3.15
  2.92
  2.10
  2.29
  3.93
  6.78
  4.26
  2.87
  2.73
  2.03
  2.16
  6.21
  4.06
  6.25
  3.60
  2.87
  3.71
  4.33
  3.56
  3.19
  3.52
  4.33
  2.73
  3.06
  2.73
  8.01
  2.78
  9.66
  2.92
  4.06
  3.32
  2.52
  4.36
  3.60
  2.16
  3.52
  2.35
  4.51
  3.10
  2.23
  2.52
 14.92
  3.67
  3.67
  2.97
