Measured Diameters
  3.63
  3.82
  3.63
  3.75
  3.56
  7.02
  2.78
  2.73
  2.46
  2.73
  2.62
  4.26
  3.32
  3.23
  2.29
  2.29
  3.56
  3.52
  2.29
  2.35
  5.17
  2.16
  3.19
  3.52
  2.46
  2.29
  6.23
  3.56
  3.75
  8.13
  2.82
  5.50
  6.74
  2.87
  2.23
  3.44
  3.28
  3.01
  3.28
  2.73
  3.01
  2.16
  3.19
  2.87
  3.23
  4.20
  3.63
  2.16
  3.23
  3.10
  6.18
  3.85
  3.15
  2.40
  2.73
  3.44
  3.19
  4.20
  2.97
  3.63
  2.16
  2.97
  3.06
  2.78
  4.16
  6.70
  7.21
  3.85
  3.67
  3.10
  2.03
  2.46
  3.82
  3.23
  2.92
  9.62
  8.01
  2.57
  3.01
  4.26
  5.25
  7.06
  2.29
  3.32
  3.32
  3.28
 10.52
  3.75
  2.23
  3.60
  2.97
  2.52
  6.10
  5.38
  3.67
  3.67
  8.73
  4.92
  7.31
  3.56
  3.36
  3.63
  2.87
  2.57
  3.01
  2.97
  2.82
  2.29
  3.10
  3.82
  2.57
  2.73
  2.73
  6.98
  3.82
  2.29
  3.48
  3.60
  4.00
  2.73
  4.36
  9.81
  2.10
  2.62
  3.56
  3.48
  7.75
  3.36
  2.62
  3.56
  3.10
  3.01
  2.97
  2.82
  2.82
  3.36
  3.75
  3.19
  3.56
  3.28
  2.97
  7.62
  2.73
  3.60
  7.96
  3.06
  2.97
  2.97
  5.43
  9.93
  4.57
  3.67
  3.36
  2.46
  4.06
  3.75
  3.44
  2.40
  4.16
  3.36
  6.74
  2.73
