Measured Diameters
  2.46
  8.11
  3.60
  3.06
  2.03
  2.73
  3.01
  2.87
  3.15
  2.67
  3.44
  2.40
  3.32
  8.95
  3.19
  3.85
  2.35
  2.10
  3.48
  4.51
  2.35
  3.56
  9.73
  3.23
  3.40
  8.82
  3.01
  2.97
  2.67
  3.56
  3.10
  3.63
  2.73
  2.57
  2.52
  6.51
  4.06
  7.23
  2.16
  7.71
 13.62
  2.57
  2.57
  8.78
  8.04
  2.03
  2.35
  2.67
  2.46
  3.23
 10.17
 11.66
  2.73
 12.91
  2.10
  4.16
  2.29
  3.23
  2.78
  3.93
  3.23
  2.46
 16.54
  7.90
  7.66
  5.17
  2.29
  2.29
  3.06
 10.16
  4.57
  7.80
  4.06
 11.88
  2.16
  3.75
  2.16
  2.03
  4.66
  2.82
  2.16
  6.76
  6.57
  3.36
  7.64
  2.23
  3.89
  2.73
  4.89
  2.23
 11.18
  2.52
  2.29
  2.46
  3.56
  3.32
  3.36
  2.67
  3.19
  3.40
  3.56
  2.67
  4.20
  2.97
  3.44
  3.60
  2.87
 10.24
  2.10
  2.29
  2.87
  2.67
  3.28
  2.78
  8.18
  2.40
  3.56
  7.60
  2.78
  2.03
 11.40
  3.28
  2.57
  6.98
  2.78
  2.87
  4.36
  6.12
  3.93
  2.82
  2.57
  5.14
  3.15
  3.01
  4.48
  3.36
  8.86
  3.44
  2.03
  2.52
  2.67
