Measured Diameters
  5.14
  9.33
  2.97
  2.23
 11.00
  4.13
  9.50
  3.48
  4.26
  3.15
  4.10
  2.57
  8.14
  2.92
  8.59
  7.34
  2.23
  3.23
  2.57
 11.85
  7.10
  3.82
 11.10
  4.26
  2.52
  3.06
  2.73
  3.10
  4.54
  2.46
 15.37
  2.46
  7.69
  3.67
  4.13
  3.28
  7.92
  2.67
 10.04
  2.52
  3.63
  3.67
  2.87
  3.40
  3.06
  3.44
  2.40
  3.01
  2.46
  3.06
  4.00
  8.11
  3.23
  2.46
  7.92
  2.62
  2.97
  3.48
  2.57
  2.10
  3.06
  2.92
  4.51
  4.26
  2.52
 12.08
  3.71
  3.67
 10.73
  4.86
  3.19
  4.26
  4.00
  4.54
  2.97
  8.26
  4.10
  2.97
  4.16
  2.78
  7.12
  3.40
  6.18
  3.10
  4.42
  2.92
  3.71
  9.49
  2.82
  3.32
  4.54
 10.56
  2.92
  7.69
  4.60
  3.78
  2.78
  2.92
  3.78
  3.67
  8.46
  4.42
  3.15
  7.90
  4.00
  5.67
  3.19
  2.10
  3.67
  2.29
  4.23
  8.34
  3.44
  3.56
  3.15
  3.96
 11.84
  3.75
  3.19
  2.52
  4.57
  2.29
  8.47
  8.29
  4.48
  2.29
  2.52
  3.52
  3.75
  3.67
  3.71
  3.19
  7.60
  2.03
  7.19
  2.23
  2.52
  3.71
  3.15
  4.33
  3.48
  2.57
  2.10
 12.30
  4.20
  3.96
  3.10
  3.71
  4.60
  2.35
  2.87
  4.20
  7.97
  3.56
  3.36
  8.96
  5.75
  2.73
