Measured Diameters
  3.56
 10.02
  8.81
  2.29
  3.89
  2.29
  4.33
  2.03
  8.89
  3.60
  2.10
  9.25
 10.44
  3.60
  3.85
  2.57
  3.63
  5.87
  6.61
  4.86
  4.13
  9.22
  2.29
  7.00
  9.40
  2.97
  2.10
  3.10
  2.52
  5.00
  4.23
  3.19
 11.58
  3.56
 12.88
 13.69
  2.78
  8.47
  2.16
  9.35
 13.41
  2.52
  4.51
  8.47
  2.67
  2.40
 10.48
  4.72
  2.82
 10.76
  2.52
  3.82
 12.70
  2.16
  4.57
 16.10
 12.81
  4.23
  5.75
  4.20
  3.82
 11.23
  2.03
 11.36
  2.67
 12.87
  5.09
 14.63
  4.03
 13.51
  3.23
  7.00
  2.87
  5.43
  3.19
  3.82
  5.25
  2.16
  3.10
  2.03
  2.16
  2.16
 11.92
 10.89
 14.97
 11.19
  2.97
  2.62
  8.82
  2.82
  3.85
  6.16
 11.24
  3.48
  7.49
 15.75
  4.06
  2.03
 11.26
 13.65
  3.75
  2.40
 12.09
  2.16
 11.32
 10.98
  3.23
