Measured Diameters
  4.29
  7.89
  2.16
  4.48
  2.82
  3.01
  8.84
  4.95
  3.32
  3.10
  3.44
  4.63
  7.58
  4.06
  2.29
  2.40
  2.92
  2.57
  7.53
  5.00
  3.52
  2.97
  7.40
  3.32
  3.71
  3.10
  3.89
  3.56
  4.57
  3.40
  4.26
  2.57
  2.40
  3.23
  3.23
  3.32
  2.82
  2.92
  3.67
  2.87
  4.10
  3.52
  2.35
  3.01
  3.19
  6.88
  6.05
  6.57
  3.32
  7.51
  2.92
  9.69
  4.03
  3.52
  2.57
  3.48
  3.19
  4.20
  7.57
  4.10
  3.78
  2.73
  3.06
  3.28
  4.03
  2.40
  8.31
  3.52
  2.03
  2.46
  3.56
  3.10
  6.38
  3.15
  3.19
  3.10
  2.92
  8.52
  2.46
  2.97
  3.23
  3.63
  2.78
  3.89
  6.53
  5.03
  3.06
  4.36
  4.23
  3.23
  3.60
  4.10
  4.29
  4.13
  6.03
  7.21
  3.36
  3.82
  4.29
  2.62
  3.15
  3.48
  3.71
  3.15
  3.28
  4.06
  2.16
  3.52
  2.97
  2.78
  2.16
  2.62
  3.10
  4.20
  3.36
  3.36
  3.75
  6.36
  3.15
  4.26
