Measured Diameters
  2.97
  4.06
  3.19
  3.44
  2.03
  2.92
  3.10
  2.67
  7.60
  3.32
  2.10
  3.15
  4.63
  2.40
  3.93
  7.31
  3.15
  2.35
  3.48
  4.16
  3.06
  3.93
  2.73
  3.52
  3.60
  3.06
  7.00
  3.15
  4.75
  3.44
  2.29
  3.71
  4.39
  4.63
  2.40
  3.67
  2.16
  3.40
  6.98
  7.14
  3.06
  3.85
  3.89
  4.54
  3.40
  7.27
  3.52
  3.36
  3.96
  3.82
  2.10
  3.15
  3.36
  3.40
  4.16
  6.25
  2.97
  3.10
  2.67
  4.63
  7.53
  2.52
 10.81
  4.42
  3.01
  3.06
  3.01
  5.93
  3.48
  3.06
  3.60
  3.10
  4.23
  2.67
  2.82
  6.23
  2.52
  3.48
  3.78
  3.19
  8.09
  7.78
  3.63
  3.60
 12.22
  2.35
  2.92
  7.19
  3.82
  2.46
  3.85
  2.97
  3.23
  3.44
  2.16
  3.89
  2.57
  2.97
  3.36
  2.78
  4.75
  2.92
 11.23
  3.78
  7.85
  2.35
 12.31
  3.85
  2.97
  4.16
  2.40
  2.35
  3.36
  4.26
  3.48
  3.23
  6.59
  6.51
  2.46
  2.97
  4.23
  7.87
  3.10
  2.67
  3.19
  2.40
  4.26
  2.92
  2.92
  3.19
  3.32
  2.67
  2.52
  7.25
  3.63
  2.87
  3.19
  3.15
  4.60
  3.60
  3.60
  2.23
  3.44
  3.15
  2.23
 11.09
  3.44
  3.82
  2.16
  8.01
  3.32
  2.62
  3.15
  2.35
  5.35
  4.00
  4.29
  2.73
  2.73
  3.78
  7.87
  2.57
  3.23
  3.23
  2.92
  4.36
  6.98
  3.48
  3.19
  4.29
  3.06
  3.85
  7.51
  8.54
