Measured Diameters
  2.52
  4.00
  3.48
  4.06
  3.40
  2.82
  3.63
  3.56
  3.56
  3.15
  3.10
  2.87
  4.48
  6.27
  6.90
  2.03
  2.35
  3.60
  2.35
  3.32
  2.40
  3.60
  3.93
  3.40
  3.23
  2.52
  3.23
  3.40
  4.95
  3.28
  3.19
  2.52
  3.75
  2.82
  4.29
  7.85
  4.51
  2.35
  3.71
  3.56
  3.96
  3.19
  4.39
  9.18
  3.85
  2.03
  4.10
  2.67
  3.63
  2.10
  2.97
 11.08
  3.63
  7.14
  3.28
  5.25
  7.87
  2.92
  2.67
  3.36
  2.78
  3.78
  2.67
  3.10
  3.32
  2.46
  2.29
  2.87
  4.51
  3.71
  3.10
  4.69
  6.45
  4.23
  8.73
  3.01
  9.04
  4.60
  3.75
  3.19
  2.29
  6.59
  2.78
  2.40
  8.29
  4.23
  3.56
  3.56
  6.45
  3.01
  4.89
  4.57
  2.62
  2.46
  2.82
  3.96
  3.32
  5.75
  3.96
  3.63
  3.89
  7.15
  2.97
  3.01
  3.67
  7.75
  4.10
  3.52
  2.03
  9.37
  4.16
  4.36
  4.78
  3.23
  9.22
  3.75
  3.32
  3.19
  3.15
  4.42
  4.57
  3.89
  2.46
  3.93
  4.36
  3.19
  2.35
  3.63
  4.13
  3.75
  3.36
  8.11
  3.52
  4.06
  3.93
  3.78
  4.16
  3.28
  2.57
  2.62
  3.40
  3.52
  2.87
  3.28
  7.96
  4.42
  3.06
  2.78
  3.06
  2.62
  2.23
  3.01
  3.19
  3.75
  5.67
  8.54
  3.19
  3.56
  3.52
  3.01
