Measured Diameters
  4.00
  9.15
  2.62
  2.46
  2.67
  4.06
  3.01
  5.06
  3.82
  3.67
  3.56
  3.32
  3.36
  3.63
  2.23
  2.87
  2.29
  3.75
 11.00
  4.03
  7.04
  4.66
  2.03
  2.29
  4.16
  4.57
  2.87
  2.62
  6.90
  7.14
  2.40
  3.10
  2.73
  2.73
  2.23
  2.46
  3.75
  6.88
  2.87
  3.23
 12.59
  2.97
  3.71
  3.60
  3.23
  9.22
  7.27
  3.15
  7.04
  4.03
  3.23
  2.62
  2.97
  8.90
  3.32
  7.10
  2.87
  3.71
  3.52
  2.23
  2.92
  3.06
  2.87
  3.96
  3.06
  5.70
  5.82
  4.39
  2.97
  2.16
  4.81
  9.57
  2.97
  3.40
  2.03
  3.01
  2.16
  6.12
  2.62
  3.44
  2.10
  2.40
  3.78
  3.32
  2.73
  6.51
  3.06
  4.16
  5.35
  3.01
  3.10
  2.82
  6.72
  3.52
  3.60
  6.96
  2.92
  2.92
  3.40
  2.40
  3.10
  2.92
  2.62
  3.71
  4.03
  3.85
  7.85
  2.57
  3.32
  5.03
  3.60
  2.97
  3.06
  6.34
  3.23
  6.80
  3.10
  4.42
  4.54
  2.35
  3.32
  4.36
  3.75
  5.75
  5.32
  6.80
  4.39
  4.06
  3.19
  3.06
  3.44
  2.52
  3.32
  2.62
  3.10
  3.85
  7.58
  3.52
  4.10
  2.57
 19.28
  2.78
  2.52
  6.96
  2.46
  8.21
  3.32
  3.15
  2.82
  2.23
  2.40
  7.85
  3.89
  2.52
  4.00
