Measured Diameters
  6.88
  7.55
  2.78
  2.29
  2.92
  2.46
  4.57
  4.66
  6.05
  3.10
  2.73
  5.22
  4.36
  3.52
  7.89
  3.06
  8.92
  2.16
  3.96
  2.92
  3.52
  3.32
  2.46
  3.44
  3.19
  2.62
  3.48
  2.87
  3.10
  7.21
  7.58
  2.35
  8.29
  4.03
  3.82
  2.73
  2.67
  4.98
  3.01
  3.85
  2.73
  2.35
  3.85
  3.36
  8.21
  2.10
  7.62
  4.92
  3.10
  9.35
  3.10
  6.98
  2.16
  3.19
  3.71
  2.73
  9.24
  9.52
 11.79
  8.09
  3.15
  3.71
  3.44
  3.10
  3.28
  5.55
  3.78
  3.23
  6.84
  2.97
  2.57
  6.76
  6.45
  4.26
  2.87
  3.82
  3.36
  3.19
  6.64
  3.32
  2.92
  7.21
  4.60
  4.45
  4.13
  2.57
  4.42
  7.60
  2.73
  2.52
  3.93
  2.73
  4.00
  2.62
  3.15
  3.40
  2.10
  3.40
  3.40
  2.57
  3.15
  2.10
  3.06
  3.60
  2.87
  4.48
  3.15
  4.26
  4.92
  2.82
  7.08
  3.52
  4.45
  2.03
  2.92
  3.67
  4.84
  3.06
  2.10
  5.50
  3.96
  5.63
  2.82
  2.82
  4.00
  2.97
  3.52
  3.56
  8.19
  6.55
  3.67
  4.00
  5.77
  3.19
  9.69
  3.52
  2.78
  3.78
  4.29
  5.00
  3.19
  2.52
  4.00
  3.36
