Measured Diameters
  3.01
  2.87
  3.36
  6.57
  3.23
  2.46
  2.73
  3.19
  8.41
  3.15
  8.14
  2.73
  2.62
  2.16
  2.35
  2.10
  7.80
 12.46
  3.56
  4.45
  3.40
  2.97
  3.36
  9.35
  2.92
  7.38
  3.75
  3.32
  3.23
  8.14
  3.71
  2.57
  4.16
 11.69
  4.10
  3.32
  3.32
  3.44
  3.10
  4.10
  4.45
  7.33
  7.62
  4.66
  4.00
  7.10
  3.63
  3.15
  2.23
 13.27
  2.46
  3.06
  3.32
  8.68
  7.60
  7.71
  7.92
  7.00
  7.78
  2.62
  4.03
  2.67
  7.17
  3.06
  3.40
  3.96
  3.19
  5.11
  2.40
  6.27
  3.52
  3.10
  3.85
  2.67
  2.40
  2.40
  2.03
  3.63
  4.16
  2.62
  3.75
  2.52
  3.71
  3.01
  3.32
  5.03
  2.97
  6.32
  3.01
  2.52
  3.10
  3.19
  4.16
  2.67
  2.97
  8.21
  3.10
 11.62
  2.78
  3.32
  2.62
  3.15
  3.23
  3.48
  3.85
  3.60
  3.67
  4.10
  4.06
  9.22
  2.82
  4.13
  3.60
  3.63
  3.28
  2.92
  7.21
  2.23
  3.63
  4.54
  8.73
  2.10
  2.46
  3.67
  7.40
  3.36
  6.78
  3.32
  2.97
  3.63
  2.16
  2.57
  3.10
  3.19
  3.44
  2.92
  4.42
  3.93
