Measured Diameters
  2.40
  2.29
  3.15
  3.93
  2.10
  3.56
  3.89
  2.46
  2.23
  2.10
  2.92
  4.75
  8.86
  3.52
  2.62
  4.36
  4.42
  3.32
  5.32
  4.45
  2.67
  4.98
  8.04
  2.67
  6.92
  3.71
  4.69
  9.41
  3.28
  2.73
  8.43
  3.15
  2.29
  2.16
  3.71
  4.54
  4.16
  6.82
  4.72
  3.28
  4.39
  3.56
  2.46
  3.82
  3.78
  5.91
  2.40
 11.78
  4.10
  4.20
  9.73
  3.93
  3.23
  4.72
  3.10
  6.25
  3.32
  2.67
  4.95
  3.10
  2.10
  3.23
  3.82
  3.96
  3.06
  3.63
  5.65
  3.71
  3.01
  2.97
  9.52
  2.52
  4.16
  3.15
 11.32
  4.72
  7.90
 10.85
  4.16
  4.42
  6.38
  4.13
  3.40
 11.82
 15.85
  3.85
  3.56
  5.03
  3.96
  5.67
  3.01
  7.19
  4.10
  3.44
  3.15
  2.46
  3.44
  5.65
  4.42
  5.17
  3.56
  2.78
  3.36
  2.62
 10.08
  3.93
  4.29
  2.46
  3.67
  4.39
  2.35
 10.08
  2.10
  4.72
  3.06
 10.99
  2.73
  3.60
  3.71
  2.29
  9.59
  4.36
  2.10
  3.15
  5.91
  3.01
  3.67
  3.06
  4.00
  3.40
  7.67
 14.04
  9.16
  4.39
  5.38
  2.82
  3.52
  5.35
  4.81
  2.29
  3.23
  6.57
 10.67
  4.48
  3.63
  4.06
  8.87
  3.19
  8.19
 11.53
  3.56
  5.11
  4.89
  2.57
  5.09
  3.60
