Measured Diameters
  5.84
  2.29
  3.06
  3.89
  3.36
  3.28
  3.67
  5.79
  3.75
  2.92
  3.23
  2.46
 10.27
  2.35
  4.72
  2.35
  6.78
  3.28
 10.02
  2.52
  3.32
  9.04
  3.75
  2.78
  2.78
  3.01
  2.67
  3.60
  3.63
  6.88
  9.50
  3.10
  2.78
  2.46
  2.78
  2.40
  3.89
  5.77
  2.78
  2.03
  3.63
  3.06
  7.10
  3.48
  2.62
  2.57
  7.64
  9.72
  4.33
  3.10
  2.29
  2.57
  3.19
  5.91
  3.10
  2.57
 12.99
  2.78
  3.23
  2.87
  3.71
  3.15
  2.92
  3.36
  8.75
  3.10
  4.10
  3.56
  3.78
  3.01
  2.23
  3.52
  2.23
  2.87
  7.21
  2.46
  3.06
  3.60
  3.32
  3.40
  3.40
  2.62
  6.34
  3.48
  3.15
  2.87
  4.16
  2.35
  3.89
  3.48
 10.14
  2.78
  3.48
  3.40
  7.55
  3.15
  3.32
  3.75
  4.00
  2.40
  4.03
  3.78
  5.75
  2.23
  3.10
  2.52
  2.92
 10.33
  2.52
  4.06
  4.33
  3.78
 12.07
  2.35
  3.48
  3.82
  3.10
  9.03
  3.32
  3.23
  5.19
  2.16
  3.40
  2.73
  3.06
  7.31
  4.03
  5.03
  2.73
  2.78
  2.03
  2.97
  4.36
  2.29
  3.10
  2.46
  3.10
  2.57
  2.97
  2.73
  3.67
  2.40
  3.28
  2.62
  2.67
  2.82
  4.69
  6.00
  3.75
  4.00
  3.01
  7.10
  3.23
  2.67
