Measured Diameters
  4.42
  3.01
  2.73
  2.62
  7.19
  3.06
  2.03
  3.60
  2.57
  5.84
  2.03
  4.54
  8.01
  7.92
  3.63
  6.68
  8.16
  8.29
  2.57
  3.60
  3.06
  3.01
  2.35
  3.15
  8.54
  7.27
  3.15
 11.92
  2.52
 12.01
  8.68
  3.06
  2.92
  2.87
  3.48
  2.46
  3.15
  3.48
  3.23
  3.06
  4.16
  8.19
  3.36
  3.32
  9.18
 10.28
  3.82
  5.77
 13.84
  3.32
  3.63
  5.25
  3.71
  8.65
  2.35
  5.06
  3.82
  2.62
  4.89
  4.63
  2.40
  2.78
  3.89
  3.32
  2.92
  5.09
  4.23
  5.58
  2.78
  9.04
  3.10
  3.06
  2.57
  2.92
  2.40
  3.71
  3.10
  6.96
  2.03
  3.36
  8.01
  2.82
  4.45
  2.97
  9.69
  2.10
  2.16
  3.28
  2.40
  2.97
  3.44
  3.06
  4.26
  3.89
  2.03
  9.87
 11.17
 10.08
  5.32
  3.06
  2.78
  3.85
  3.06
  3.75
  2.82
  3.93
  3.44
  5.35
  2.40
  2.67
  8.44
  3.40
  8.13
  3.52
  4.20
  7.06
  3.67
  8.08
  2.87
  8.62
  5.19
  8.76
  9.35
  3.15
  8.84
  4.10
  7.34
  3.19
  4.29
  3.23
  3.78
  8.59
  3.36
  4.84
  3.67
  3.63
  3.48
  3.28
 12.91
  3.19
  2.46
