Measured Diameters
  3.36
  3.52
  2.97
  4.06
  3.28
  3.78
  4.03
  2.46
  8.38
  3.60
  9.34
  4.29
  3.01
  2.62
  3.52
  2.52
  3.10
  4.16
  4.00
  3.01
  2.92
  2.67
  3.40
  5.89
  3.28
  3.52
  3.44
  4.84
  2.40
  3.48
  5.91
  4.00
  3.32
  4.66
  4.42
  3.75
  5.22
  3.32
  2.35
  4.60
  3.63
  4.92
  2.03
  2.73
  3.71
  3.19
  4.60
  2.57
  7.89
  6.49
  3.01
  4.45
  3.63
  2.10
  3.32
  3.15
  3.56
  3.32
  2.82
  3.93
  2.92
  7.06
  2.73
  6.14
  2.16
  3.19
  2.29
  8.19
  2.92
  2.23
  5.27
  3.78
  3.60
  3.63
  6.36
  3.52
  3.06
  3.44
  3.36
  3.10
  3.63
  2.62
  6.05
  7.27
  5.17
  2.52
  3.48
  7.58
  3.23
  2.73
  4.75
  3.60
  7.89
  2.73
  4.42
  2.52
  7.58
  3.67
  3.48
  3.78
  3.67
  3.40
  7.36
  3.63
  3.15
  4.42
  3.23
  2.97
  3.93
  3.75
  4.33
  3.01
  3.23
  2.10
  9.59
  3.36
  4.33
  3.67
  7.44
  3.52
  2.78
 10.62
  3.23
  3.28
  2.10
  4.57
  5.00
  2.97
  3.40
  3.10
  2.40
  7.87
  4.03
  3.15
  5.06
  7.99
  3.36
  8.26
  3.67
  3.48
  3.32
  3.15
  2.35
  2.23
  4.23
  4.69
 10.65
  3.23
  3.01
  3.06
  3.15
  5.89
  3.60
  3.36
  2.78
  4.00
  6.64
  2.73
  3.48
  6.76
  3.67
  2.62
  3.52
  4.10
  4.57
  3.44
  3.93
  2.78
  3.40
  2.82
  3.40
  3.06
  5.38
  3.78
