Measured Diameters
  7.25
  4.10
  4.36
  2.78
  3.36
  3.67
  8.95
  4.00
  3.60
  4.23
  2.16
  9.83
  2.82
  2.82
  3.01
  4.00
  3.40
  3.28
  2.97
  2.97
  3.44
  4.23
  9.38
  3.67
  6.70
  2.87
  4.10
  3.19
  4.81
  3.78
  2.57
  6.96
  2.46
  4.13
  2.73
  5.48
  4.16
  3.44
  3.85
  4.10
  4.10
  3.40
  2.78
  3.75
  2.73
  3.28
  7.83
  3.48
  3.96
  3.48
  2.03
  4.00
  3.10
  8.34
  3.15
  4.03
  3.48
  3.28
  3.89
  2.82
  8.76
  3.60
  2.78
  4.10
  2.40
  2.57
  8.04
  3.36
  3.01
  2.57
  4.20
  2.87
  2.67
  2.52
  3.01
  3.52
  3.56
  8.41
  3.15
  7.62
 10.17
  4.13
  3.60
  8.54
  2.46
  4.20
  3.28
  3.75
  3.82
  6.59
  4.39
  5.09
  2.57
  2.82
  7.83
  8.76
  2.78
  3.52
 11.82
  5.17
  4.29
  9.38
  2.03
  7.23
  3.56
  3.93
  5.03
  4.95
  2.29
  2.57
  2.23
  3.15
  4.16
  7.46
  2.67
  3.93
  9.07
  4.16
  4.13
  4.13
  3.36
 11.24
  2.73
  2.46
  2.87
  3.06
  3.93
  2.03
  3.56
  3.01
  3.52
  3.23
  3.56
  3.85
  3.01
  2.57
  2.78
  4.33
  2.78
  3.67
  8.06
  3.06
  3.36
  8.29
  5.03
  4.20
  2.62
 14.26
  2.67
  3.56
  6.92
  3.63
  3.19
  2.29
  3.56
  2.67
  2.40
  7.75
  5.98
  8.89
  4.26
  3.15
