Measured Diameters
 13.82
  3.28
  3.63
  3.44
  2.87
  3.52
  2.62
  2.78
  3.93
  3.10
  2.52
  2.10
  2.40
  4.69
  6.47
  6.38
  2.92
  2.78
  2.29
  3.63
  3.28
  2.03
  4.75
  2.57
  2.73
  3.89
  7.62
  2.40
  2.40
  3.75
  2.35
  7.25
  3.06
  3.23
  3.10
  4.95
  3.63
  3.63
  2.35
  2.52
  3.40
  3.06
  2.78
  2.62
  2.16
  3.01
  6.42
  4.29
  3.06
  2.87
  3.40
  2.62
  2.92
 10.97
  3.28
  2.57
  2.97
  2.67
  3.10
  3.28
  3.75
  2.67
  3.75
  3.06
  2.87
  3.56
  3.56
  4.06
  3.10
  3.56
  2.52
  8.92
  2.23
  9.63
  3.06
  7.02
  2.78
  2.62
  7.49
  2.52
  3.10
  2.10
  2.23
  3.23
  4.84
  2.35
  5.27
  4.03
  3.71
  3.19
  2.52
  3.67
  2.78
  3.01
  3.15
  2.03
  4.33
  3.48
  3.82
 11.20
  2.87
  4.10
  3.15
  3.32
  2.35
  6.88
  8.29
  3.19
  3.44
  3.52
  3.82
  4.00
  4.26
  8.08
  3.63
  2.82
  3.23
  3.06
  3.52
  2.03
  6.51
  4.42
 12.47
  3.15
  3.10
  8.79
  7.55
  2.46
  6.84
  3.60
  2.29
  2.92
  2.97
 21.72
  2.87
  2.87
  2.73
  2.92
  2.40
  5.50
  3.15
  7.10
  4.20
  4.16
  3.85
