Measured Diameters
  4.03
  2.16
  7.25
  3.71
  2.87
  2.52
  4.03
  4.23
  2.10
  2.57
  4.81
  3.32
  7.14
  3.85
  3.60
  4.36
  4.48
  2.67
  9.34
  3.48
  4.39
  8.99
  2.67
  4.54
 14.36
  4.92
  3.75
  3.10
  2.67
  8.49
  2.46
  3.23
  3.48
  3.06
  3.67
  4.00
  5.72
  2.67
  2.62
  2.46
  3.44
  2.23
  2.78
  4.63
  2.23
  3.06
  5.09
  3.93
  4.36
  7.85
  3.19
  9.43
  3.06
  3.60
  2.82
  3.78
  6.86
  2.16
  4.36
  7.73
  4.29
  3.75
  3.63
  4.45
  3.10
  7.33
  2.23
  2.10
  4.69
  3.44
  3.40
  3.63
  4.29
  4.00
  3.40
  3.19
  4.06
  2.73
 10.37
 11.08
  3.93
  3.01
  3.36
  2.35
  3.67
  5.50
  2.78
  4.06
  6.78
  4.57
  8.41
  4.42
 10.29
  3.52
  4.75
  6.12
  2.16
  3.89
  2.78
  4.10
 10.43
  9.28
  2.67
  8.78
  4.13
  3.19
  2.29
  6.94
  4.75
  3.28
  7.97
  5.58
  7.76
  8.46
  3.78
  3.93
  3.32
  8.60
  3.23
  3.85
  2.62
 10.20
  3.28
  3.60
  7.96
  2.16
  3.23
  8.56
  2.92
  3.06
  4.10
  6.82
  3.44
  2.46
  8.16
 10.54
  3.32
  2.40
  3.36
  3.56
  4.03
  3.01
  4.06
  3.96
