Measured Diameters
  2.78
  3.71
  2.87
  2.82
  2.62
  3.75
  3.56
  2.78
  2.92
  3.28
  2.73
  3.28
  2.62
  8.49
  5.55
  2.87
  3.32
 11.86
  2.29
  3.71
  3.44
  6.72
  3.32
  2.73
  3.06
  3.06
  3.89
  3.67
  2.67
  4.13
  3.78
  6.42
  3.44
  3.15
  3.15
  2.40
  2.46
  3.23
  4.39
  7.23
  2.67
  2.67
  2.46
  3.93
  4.20
  4.26
  6.07
  3.28
  6.72
 11.53
  4.66
  4.10
  3.63
  2.40
  2.62
  3.78
  3.52
  3.63
  6.96
  3.28
  2.10
  3.15
  2.82
  2.62
  8.60
  3.01
  3.23
  6.96
  2.03
  3.71
  5.82
  4.20
  3.75
  2.73
  3.85
  3.63
  7.27
  3.28
  3.78
  3.63
  6.96
  2.97
  3.28
  5.79
  2.78
  3.44
  2.29
  2.29
  4.13
  4.48
  5.55
  2.97
  3.78
  3.56
  3.23
  4.39
  3.56
  7.96
  4.86
  6.98
  7.92
  3.44
  3.40
  8.19
  2.73
  2.57
  3.67
  2.10
  5.82
 10.24
  2.57
  4.03
  8.59
  8.57
  7.44
 10.81
  6.59
  7.17
  3.28
  3.40
  7.27
  2.62
  8.26
  4.33
  6.00
  3.93
  3.15
  3.56
  4.06
  3.71
  6.34
  3.15
  2.16
  3.63
  4.06
  2.29
  3.60
  3.93
  4.33
  2.92
  2.87
  4.45
  4.23
  2.46
  3.52
  4.81
  5.17
