Measured Diameters
  4.10
  3.56
  2.92
  2.57
  3.19
  4.72
  3.19
  7.82
  4.51
  7.99
  3.01
  4.95
  6.23
  2.78
  2.78
  3.06
  2.87
  2.82
  5.55
  2.82
  6.34
  3.48
  2.62
  7.42
  3.23
  2.78
  3.36
  2.23
  3.06
  3.93
  2.62
  2.62
  3.15
  2.29
  3.01
  4.00
  3.01
  3.19
  2.78
  2.46
  2.82
  3.44
  3.19
  3.06
  2.67
  3.32
  7.33
  4.20
  6.14
  9.06
  2.57
  3.10
  2.97
  2.29
  3.15
  6.68
  3.60
  2.62
  2.82
  5.58
  4.13
  2.62
  2.73
  5.77
  7.33
  2.29
  2.46
  8.13
  3.32
  3.89
  3.78
  4.29
  3.15
  4.54
  2.82
  2.67
  7.36
  3.01
  2.82
  3.36
  3.15
  5.77
  3.67
  3.15
  2.57
  2.57
  2.73
  4.89
  2.35
  3.78
  2.67
  3.52
  2.97
  2.67
  8.90
  3.15
  2.67
  3.56
  4.06
  8.49
  3.75
  2.29
  3.52
  3.56
  3.48
  4.13
  3.32
  3.78
  6.38
  8.93
  3.52
  8.19
  2.46
  3.85
  3.44
  2.35
  2.57
  2.92
  2.78
  3.60
  2.52
  6.84
  2.82
  3.85
  3.63
  7.25
  2.46
  6.96
  2.10
  3.48
  3.10
  2.92
  3.52
 12.41
  7.66
  3.15
  5.50
  3.19
  3.52
  2.92
  2.40
  2.92
  4.20
  3.15
  6.68
  2.23
