Measured Diameters
  4.48
  2.03
  4.89
  3.78
  3.67
  7.78
  3.15
  3.67
  2.73
  3.75
  2.67
 14.55
  8.06
  2.35
  2.46
  4.51
  7.90
 12.11
  3.75
  3.96
  2.03
  4.13
  6.66
  6.98
  3.40
  2.73
  2.97
 12.20
  9.54
  2.23
  3.06
  3.60
  8.08
  3.93
  2.46
  3.63
  3.71
  8.81
  3.01
  7.89
  3.06
  2.40
  3.10
  2.52
  6.64
  4.39
  2.46
  6.45
  3.96
  3.56
  2.10
  4.92
  3.93
  8.60
  2.40
  3.60
  2.73
  2.78
  2.29
  2.67
  3.19
  3.71
  2.73
  4.72
  3.15
  4.13
  4.29
  4.57
  7.49
  3.15
  3.01
  8.86
  3.15
  3.15
  7.58
  3.78
  2.67
  7.46
  2.35
  4.60
  3.71
  3.60
  4.57
  2.92
  2.29
  3.06
  3.06
  5.22
  7.47
  3.01
  2.57
  2.78
  2.16
  2.97
  3.19
  3.71
  2.82
  6.36
  3.40
  4.84
  3.06
  4.98
  3.01
  3.32
  3.56
  4.42
  3.67
  2.73
  3.82
  3.78
  3.28
  4.29
  6.49
  3.40
  2.78
  2.57
  3.40
  4.23
  6.70
  3.15
  2.78
  3.82
  8.79
  8.34
  4.42
  2.46
  2.92
  2.57
  2.40
  2.03
  3.28
  3.06
  2.82
  2.82
  3.19
  2.67
  2.73
  3.44
  2.78
  4.81
  3.10
  6.94
  4.89
  2.78
  3.01
  8.39
  4.54
  5.96
  2.78
  6.90
  2.67
  3.75
  3.32
  2.52
  3.67
  2.10
  3.44
  3.44
  2.46
  5.19
  3.48
  2.73
  3.19
