Measured Diameters
  3.75
  3.28
  3.10
  2.67
  4.10
  6.76
  3.63
  2.35
  2.73
  4.45
  3.19
  3.85
  3.36
  4.10
  2.10
  4.92
  9.27
  2.97
  2.46
  3.15
  5.50
  3.23
  2.35
  3.96
  3.44
  6.98
  3.01
 11.71
  3.19
  3.48
  4.20
  3.48
  4.00
  9.18
  5.91
  3.82
  3.93
  3.89
  5.06
  3.23
  7.00
  4.06
  4.10
  3.56
  2.67
  7.80
  2.62
  2.03
  2.03
  3.89
  3.82
  2.82
  3.71
  3.32
 11.52
  4.75
  4.03
  3.01
  3.23
  2.40
  5.84
  3.32
  2.16
  3.32
  6.00
  4.20
  3.78
  7.49
  2.78
  3.67
  2.03
  3.15
  2.52
  8.23
  4.13
  3.48
  3.52
  3.10
  3.36
  3.85
  8.02
  3.75
  2.73
  4.45
  3.48
  3.78
  7.90
  2.35
  4.60
  2.87
  2.40
  2.87
  8.33
  3.93
  3.63
  3.56
  3.28
  4.10
  5.35
  4.54
  6.98
  3.67
  3.71
  3.52
  2.16
  4.03
  7.15
  3.52
  3.67
  2.73
  3.23
  3.15
  9.28
  4.06
  3.52
  3.36
  4.57
  3.44
  2.35
  7.38
  3.28
  5.40
  4.06
  8.02
  3.67
  3.23
  8.43
  4.03
  3.40
  2.87
  3.06
  5.00
 12.39
  3.28
  2.97
  2.78
  2.82
  8.75
  4.98
  4.16
  2.73
  5.22
  2.67
  3.71
  2.82
  2.29
  2.78
  4.78
  2.52
  2.87
  4.13
  3.93
  2.23
  3.89
  7.04
  2.62
  3.44
  6.45
  4.39
  2.10
  3.44
  8.04
  2.67
  9.40
