Measured Diameters
  2.16
  3.63
 12.32
  4.72
  2.62
  6.74
  2.78
  3.28
  2.03
 14.49
  2.67
  2.92
  2.67
  7.10
  3.15
  9.35
  4.06
  2.46
 11.85
  5.89
  7.89
  9.44
  3.23
  2.67
  2.57
  4.00
  3.75
  4.63
  2.29
  4.06
  7.25
  8.87
  3.06
  3.36
  2.57
  2.35
  8.33
  4.57
  8.28
  3.19
  8.60
  3.93
  3.60
  6.42
  3.01
  4.72
  3.06
  4.63
  3.82
  4.75
  3.15
  2.62
  6.05
  4.26
  3.15
  3.48
  5.06
  5.32
  2.46
  2.78
  3.78
  4.06
  6.32
  4.03
  4.23
  4.66
  4.69
  2.52
  7.14
  2.35
  3.48
  2.03
 10.79
  3.82
  7.33
  4.60
  3.96
  3.15
  7.89
  2.92
  2.23
  3.56
  3.01
  4.57
 10.50
  2.52
  2.29
  3.85
  2.03
  3.56
  3.19
  4.20
  7.94
  3.28
  9.34
  2.73
  3.60
  7.29
  2.29
 10.53
  2.73
 13.78
  9.24
  2.40
  2.67
  3.71
  3.10
  4.23
  4.86
  2.87
  2.82
  2.62
  2.92
  3.23
  4.13
  8.52
  2.82
  2.52
  3.71
  2.52
  4.29
  3.28
  3.28
  3.01
 11.56
  2.23
  2.97
  4.48
  2.23
  4.86
 12.85
  2.29
  7.40
  3.44
  2.57
  2.97
  4.92
  6.16
  3.56
  2.62
  8.59
  3.48
  2.03
  3.75
  9.60
 12.41
  3.06
  3.32
  2.35
  3.01
  8.59
  3.60
  2.62
  2.92
  2.16
  7.19
  2.52
 12.16
  2.46
  3.15
  6.61
  3.32
  4.13
  3.56
  3.01
