Measured Diameters
  3.28
  3.89
 11.03
  7.04
  7.00
  3.44
  3.63
  5.79
  6.74
  3.10
  3.71
  3.44
  2.62
  3.01
  4.06
  3.71
  2.35
  6.74
  4.00
  3.93
  3.52
  4.42
  2.57
  6.78
  2.87
  3.40
  2.62
  3.06
  2.23
  5.70
  2.62
  3.40
  3.71
  2.97
  3.60
  2.67
  2.46
  3.63
  2.67
  3.85
  4.33
  3.52
  3.96
  6.64
  4.03
  2.92
  3.15
  6.25
  2.35
  3.56
  3.10
  7.25
  2.78
  3.10
  2.82
  4.33
  3.23
  3.01
  2.46
  3.01
  3.01
  2.82
  6.49
  3.40
  2.92
  4.00
  2.87
  3.85
  2.16
  2.10
  3.36
  3.89
  3.28
  2.87
  2.35
  3.32
  2.52
  3.28
  2.97
  3.32
  2.10
  3.40
  8.06
  3.06
  3.71
  3.89
  7.02
  2.46
  3.44
  6.96
  6.38
  7.87
  3.67
  3.85
  2.87
  4.39
  2.62
  3.52
  3.78
  3.63
  3.52
  2.87
  3.48
  2.57
  3.28
  3.10
  9.21
  2.10
  3.67
  4.03
  3.19
  3.10
  2.67
  3.60
  3.60
  6.16
  7.92
  7.27
  2.87
  3.67
  3.28
  3.56
  2.87
  2.97
  3.23
  2.92
  2.23
  3.67
  3.52
  2.82
  4.66
  2.67
  2.82
  3.36
  3.44
  6.12
  3.52
  2.78
  3.32
  2.97
  4.16
  3.19
  3.23
  6.21
  3.10
  8.65
  6.74
  7.71
