Measured Diameters
 11.97
  4.06
  3.01
  3.44
  3.78
  3.28
  4.16
  3.85
  2.92
 11.36
  3.78
  3.23
  4.33
  3.78
 10.80
  2.52
  2.23
  2.87
  2.46
  4.95
  2.97
  3.63
  2.87
  3.15
  3.60
  2.67
  3.48
  8.43
  2.10
  4.57
  3.60
  3.10
  3.23
  2.35
 11.78
  4.26
  3.19
  3.48
  5.30
  2.35
  2.40
 10.85
  4.60
  4.86
  4.48
  4.36
  9.22
  3.10
 11.80
  4.75
  4.86
  3.15
  4.16
  3.89
  4.84
  3.23
  5.72
  3.82
  3.36
  3.19
  2.03
  3.93
 12.96
  2.57
  2.78
  4.60
  3.82
  4.57
  2.03
  2.57
  3.15
  4.42
 13.67
  3.93
  3.93
  8.82
 11.72
  9.41
  6.34
  4.00
  4.10
  4.20
  3.78
  6.40
  3.15
  2.73
  3.15
  4.06
  3.82
  2.35
  4.03
  4.13
  2.87
  2.52
  8.01
  3.01
  2.92
  3.96
  4.20
  3.89
  3.19
  5.03
  9.31
  4.00
  3.67
  4.10
  3.52
  5.19
  3.60
  3.82
  5.11
  2.29
  3.06
  2.92
  4.10
  3.36
  3.40
  2.82
  3.06
  4.42
  3.36
  2.03
  3.89
  3.32
  3.63
  4.75
  4.72
  3.93
  2.03
  2.52
  3.44
  5.75
  2.82
  2.97
  9.53
  3.60
  7.42
 10.10
  3.40
  4.78
  2.46
  9.06
  4.60
  4.06
  3.63
  4.78
  2.97
  4.36
  4.00
  5.43
  3.67
  3.78
  7.90
  2.29
  3.48
  4.66
  4.72
 10.13
  3.28
  4.39
  3.60
