Measured Diameters
  3.06
  3.28
  2.92
  2.73
  3.40
  3.56
  4.42
  2.10
  3.40
  9.56
  2.16
  3.96
  4.13
 10.83
  4.89
  3.75
 11.25
  3.40
  7.36
  2.10
  3.52
  2.23
  3.44
  4.20
  4.16
  4.51
  2.92
  2.16
  3.93
  9.69
  2.57
  5.93
  3.44
  3.63
  2.62
  3.44
  7.06
  4.57
  3.56
 12.92
  2.10
  4.20
  3.56
  8.70
  2.97
  3.28
 10.35
  3.06
  8.26
  2.29
  8.75
  2.03
  6.96
  3.56
  3.32
  2.46
  2.97
  3.60
  2.40
  9.10
  3.01
  3.10
  7.04
  2.97
 11.23
  8.41
  3.23
  3.28
  2.87
  3.44
  7.36
  9.24
  9.33
  2.92
  5.11
  7.25
  5.91
  3.23
  2.78
  3.06
  5.82
  5.17
  3.60
  5.50
  3.48
  2.29
  2.35
  4.81
  3.01
  3.85
  3.01
  2.82
  7.46
  3.60
  2.40
  3.44
  4.06
  3.78
  2.57
  2.87
  3.10
  3.67
  9.93
  4.36
  3.19
  8.89
 12.04
  3.52
