Measured Diameters
  6.59
  5.87
  7.14
  3.48
  7.17
 10.27
  4.69
  6.94
  5.93
  5.67
  6.72
  6.94
  7.10
  8.18
  9.03
 12.21
  3.36
  6.68
  8.41
  5.38
  5.65
  9.10
  2.03
  5.27
  2.16
 10.84
  3.15
  2.62
  7.29
  8.14
  9.59
  4.95
  2.52
  5.67
  8.08
  5.93
  7.73
  6.88
  7.99
  5.50
  7.36
  7.00
 11.59
  8.28
  7.64
  2.03
  2.92
 12.12
  2.92
  2.82
 13.26
  9.95
  2.97
  8.99
  7.15
  5.96
  2.52
  7.06
  8.04
  2.92
  5.06
  6.61
  7.02
  6.80
  6.00
  7.31
  4.69
  6.27
  6.40
  3.36
  7.62
  7.12
  6.78
  6.29
  6.88
  5.30
  4.81
  5.35
  5.87
  6.53
