Measured Diameters
  6.96
  8.62
  6.47
  6.92
  8.39
  2.35
  4.48
  8.01
  6.59
  3.40
  7.23
  6.07
 13.79
  4.84
  5.67
  6.57
  5.17
  6.07
  4.81
  7.33
  2.92
  7.21
  8.23
 13.34
  6.32
  9.13
  7.49
  8.79
  7.12
  6.82
  8.59
  6.66
  8.52
  4.29
  5.89
  6.66
  5.89
  3.10
  5.87
 12.72
  8.78
  6.45
  3.67
 12.21
 10.99
  8.26
  2.35
  2.92
  7.34
  2.29
  2.87
  6.59
  7.08
  8.73
  8.76
  8.36
  9.81
  7.96
  8.36
  7.97
  3.75
  6.98
 11.24
  2.87
  2.67
  6.74
  7.23
  5.06
  3.10
  7.60
  7.02
  2.97
  2.16
  6.25
  5.89
  7.36
  2.35
