Measured Diameters
  5.58
  7.36
  8.95
  5.87
  4.48
  9.86
  7.04
  9.15
 13.83
  6.18
 11.67
  3.82
  3.82
  8.46
  8.24
 10.66
  9.86
  6.18
 14.16
  7.02
  5.25
  2.92
  8.01
  7.29
  2.57
  7.27
  9.30
  3.67
  8.23
  7.76
  6.66
  8.19
  2.10
  6.92
  3.71
  7.55
  2.57
  7.33
  7.58
  6.90
  2.73
  3.82
  7.58
  4.72
  7.71
  8.47
  7.38
  6.38
  6.32
  4.42
  8.14
  8.78
  5.58
  9.27
  9.70
 10.25
  7.87
  2.62
  4.00
  7.55
  7.92
  3.19
  8.33
  3.56
  7.42
  8.72
  2.03
  5.63
  8.09
 11.03
  6.61
  3.52
  8.56
  6.03
  6.45
  2.52
  6.40
  2.23
  6.96
  7.58
  4.89
  7.71
  7.33
  3.06
  9.21
  2.78
  4.45
  4.03
  8.52
  8.79
 10.21
  5.30
  7.49
  9.60
 10.25
  7.87
  7.08
  7.75
  4.78
 10.60
  3.75
  9.16
  9.06
  9.44
  7.78
  6.90
  8.56
  5.32
  6.98
  8.21
  7.51
 10.70
  7.67
  6.14
  6.36
