Measured Diameters
  7.04
  2.10
  7.73
  7.67
  9.67
  8.24
  5.40
  3.48
  2.16
  7.82
  9.43
  6.12
  6.00
 10.20
 12.35
  6.64
 10.16
  8.98
  9.49
  4.13
 10.02
  6.64
  2.10
 12.18
 11.08
  5.72
  8.01
  3.15
  4.00
  9.16
  5.53
  9.93
  9.25
  8.51
 10.57
 10.12
  7.57
  2.40
 19.81
  6.72
  9.16
  8.86
  7.85
  6.34
  9.04
  2.46
  8.89
  8.92
  9.73
 10.08
  8.13
  6.07
 10.93
  9.91
  7.71
  8.19
  7.29
  7.17
  6.53
  3.56
 10.35
  8.73
  7.57
  5.40
  8.86
  2.35
  2.82
  7.64
  9.09
  7.51
  6.92
