Measured Diameters
  7.92
  2.29
  2.62
  8.14
  3.01
  8.79
  4.63
  6.55
  8.84
 10.56
  7.55
  8.54
 11.48
  7.71
  3.71
  6.36
  7.40
  6.90
 10.35
  2.03
  6.84
  8.39
  4.69
  8.02
  5.79
  7.29
  2.35
  5.65
  3.06
  2.03
  7.62
 10.04
  3.96
  3.52
  7.34
  5.14
  7.42
  7.49
  7.46
  2.29
  8.65
  7.73
  5.89
  8.87
  3.48
  7.60
  7.23
  8.90
  9.30
  3.15
  7.21
  8.70
  7.64
  7.10
  8.36
  4.16
 11.77
  3.28
  7.46
 10.06
  7.97
  2.62
  8.68
  6.80
  7.44
 12.77
  9.22
  5.03
  8.60
  6.59
  2.10
  6.38
  7.49
  6.86
  8.08
  7.73
  3.06
  6.55
  7.25
  8.06
  8.76
  5.06
  3.23
  8.76
  5.27
  8.36
 11.41
  5.38
  5.93
  2.87
  3.36
  2.23
 11.90
  8.49
  9.21
  7.75
  7.69
 10.63
  9.30
  5.50
  7.55
  2.40
  7.06
  8.62
  8.99
  2.92
  2.40
  6.29
  8.93
  7.44
  6.84
  6.45
  6.98
  6.92
  5.03
  5.19
  9.18
  7.27
  9.93
  9.40
