Measured Diameters
  6.51
  2.62
 14.17
  6.61
  6.59
 10.14
  2.82
  9.44
  8.04
  8.56
 15.89
  2.46
  8.62
  8.21
  6.78
  8.31
  8.52
  3.36
  8.52
  7.49
  6.98
  2.03
  9.38
  3.36
  3.15
  2.23
  2.23
  8.49
  9.74
 10.37
  7.69
  7.67
  5.79
  7.38
  9.18
  2.87
  3.52
  9.37
  7.78
  6.55
  3.67
  8.96
  9.09
  7.47
  2.67
  2.29
 10.24
  3.23
  7.55
  9.94
  5.89
  7.57
  9.95
  6.38
  4.42
  7.10
  4.81
  6.27
  8.47
  3.82
  8.06
  8.89
  7.27
  8.56
  2.23
  7.04
  7.53
  9.53
  8.44
  9.73
  3.63
  6.32
  7.08
  8.57
  5.17
  9.16
  7.55
  9.15
  8.13
 13.62
  8.75
  7.60
  7.33
  8.52
  2.16
 11.79
  3.10
  8.82
  6.98
  7.53
  9.77
  6.12
  3.19
  9.03
  8.11
 12.28
  6.10
  9.01
 17.14
  6.23
  7.34
  6.32
  7.10
  8.86
  7.87
 10.21
 11.38
  9.53
  9.64
 11.24
 13.28
  4.45
 10.97
  7.00
  5.06
  2.10
  8.28
  3.44
  9.18
 12.51
  2.23
  2.92
  6.68
  7.80
  7.66
 10.17
  4.89
  2.23
  9.38
  2.82
 12.91
  5.91
  8.47
  7.97
  6.00
  6.92
  9.66
  2.52
  7.87
  7.00
  5.91
  7.33
  2.16
  9.13
 10.81
  6.40
  7.33
 10.16
  6.25
  3.32
  4.69
  2.40
  2.97
 10.81
  6.76
  7.14
  7.44
