Measured Diameters
  7.44
  9.06
  2.62
  7.19
  3.82
  9.84
  5.32
  7.94
  7.76
  2.73
  7.69
  8.67
  6.05
  8.82
  7.04
  7.57
  6.61
  6.78
  3.15
  2.52
  3.06
  7.75
  7.25
  7.71
  9.46
  7.87
  6.16
  7.14
  6.92
  9.50
  9.12
  7.21
  3.93
  7.23
  4.89
  2.35
  7.33
  4.10
  3.01
  6.21
  7.34
  8.65
  4.29
  7.76
  2.46
  8.54
  5.00
  8.39
  7.85
  6.42
  7.69
  5.82
  5.00
  8.65
  6.07
  4.78
  6.78
 10.87
  8.13
  6.16
  2.57
  7.49
  6.42
  7.58
  3.10
  2.46
  2.62
  8.26
  7.15
  9.72
  4.60
  7.15
  7.25
 10.13
 10.74
  7.27
  2.40
  8.13
  2.23
  7.97
  5.91
  8.26
  6.16
  6.00
  7.36
  2.10
  5.60
  5.87
  5.82
  6.27
  8.01
  2.03
  2.35
  6.98
  6.82
  5.09
  7.83
  6.38
  5.43
 20.49
  7.40
  9.74
 10.28
  7.47
  4.54
  7.55
  3.93
  2.97
  7.21
  9.15
  6.98
  4.26
  7.92
  7.21
  4.29
  7.46
  6.86
  6.38
  2.10
  5.82
  7.04
  3.23
  7.36
