Measured Diameters
  8.98
  8.06
  3.10
  2.97
  9.24
  9.16
  7.27
  8.47
  8.31
  3.71
  2.73
  8.95
 10.36
  2.82
  2.62
  8.02
  6.80
  8.14
  7.38
 11.05
  7.99
  4.33
 10.13
  8.70
  6.07
  7.67
  7.17
  6.21
  6.80
  2.67
  8.62
  5.22
  3.10
  8.21
  7.38
  3.67
  3.78
  2.16
 10.16
  2.03
  4.60
  8.82
  6.78
  6.53
  7.57
  5.70
 13.32
  8.24
  7.89
  8.21
  6.12
  4.13
  5.09
  2.78
  5.96
  8.36
  4.57
  7.10
  3.60
  8.62
  2.40
  2.57
  5.87
  4.63
  6.55
  8.81
  4.98
  7.96
  3.23
  7.92
  9.84
  4.42
  2.97
  6.61
  6.80
  4.33
  3.85
  2.29
  3.01
  7.66
  2.03
  8.34
  2.82
  2.62
  2.92
  4.13
  6.72
  6.78
