Measured Diameters
  8.16
  5.14
  7.36
  7.58
  4.48
  6.68
  8.33
  3.10
  6.16
  5.50
 10.27
  6.92
 10.19
  6.14
  3.10
  2.67
  4.66
  4.33
  6.55
  8.96
  6.36
 10.31
  8.16
  7.42
  5.03
  5.55
  7.80
  9.77
 10.14
  7.62
  7.73
 11.10
 15.26
  6.23
  7.49
 12.26
 11.36
  9.22
  7.27
  8.46
  6.45
  6.82
  7.21
  3.10
  4.72
  7.49
  7.36
  2.67
 11.82
  6.51
  7.64
  6.27
  7.62
 12.32
  6.36
  6.45
  6.61
  8.52
  2.78
  7.75
  8.08
  7.78
  9.47
  7.94
  6.03
  6.96
 13.44
  6.00
  8.23
  7.06
  3.28
 12.19
  5.89
  4.98
  7.19
  7.38
  2.03
  7.21
 10.87
  7.80
  3.36
  8.01
  4.42
  9.91
  7.44
  4.16
  6.80
  6.70
  8.36
  6.98
  7.27
  8.11
  3.06
  8.23
  7.75
  7.34
  8.24
 10.83
  5.45
  6.25
  7.00
  6.32
  8.29
  5.96
  7.23
  8.28
  7.97
  7.38
  7.76
  2.92
  4.26
 11.34
 11.73
  4.23
  7.34
  5.00
  7.34
  6.51
  4.23
  5.03
  7.06
  2.40
  3.36
  9.50
  7.27
  6.49
  7.12
  7.64
  3.82
  6.90
