Measured Diameters
  7.64
  8.84
  4.03
  6.51
 11.48
  6.84
  3.93
  3.78
  6.47
  6.51
  2.35
  7.31
  6.82
  6.90
  6.14
  9.83
  2.10
  7.94
 12.39
  2.29
  7.87
  6.72
  3.15
  2.52
  6.82
  5.91
  3.15
  6.53
  8.57
  2.40
  8.87
  9.12
  7.06
  8.41
  3.40
  2.62
 14.31
  8.98
  8.47
  8.47
 10.65
  9.88
  3.10
  9.37
  7.19
  8.73
  7.00
 12.32
  8.68
 11.14
 14.08
  8.28
  8.68
 10.23
  6.16
  6.05
  9.57
  3.52
  5.19
  7.29
  3.82
  8.43
  6.59
  6.07
  9.64
  7.31
  7.94
  7.75
  2.29
  7.64
  4.39
  4.57
  5.53
  7.23
  7.02
  2.92
  7.49
  4.69
 11.24
  6.51
  2.16
  7.27
  7.60
  8.90
  5.00
  7.90
  2.03
  8.70
  8.98
  8.34
  8.57
  9.94
  6.70
  3.01
  7.10
  8.06
 10.12
  6.42
  6.23
  2.16
  6.36
  8.08
  8.79
