Measured Diameters
  2.97
  2.46
 10.80
  8.78
  7.51
  6.96
  7.53
  7.89
  5.09
  6.16
  6.45
  7.58
  7.66
  7.89
  6.59
  5.55
  5.43
  7.15
  8.76
  6.47
 10.36
  9.03
  5.84
  8.84
  3.28
  9.34
  7.33
  2.57
  3.93
  5.82
  8.51
  9.31
 12.28
  3.93
  7.53
  7.53
  8.29
  3.89
  7.36
  7.46
  7.66
  6.94
  2.46
  8.11
  7.69
  8.89
  9.21
  8.11
  6.51
  2.52
  2.78
  6.86
  8.19
  9.22
  5.45
  4.39
  8.59
 10.13
  6.94
  5.50
  5.53
  3.85
  7.23
  6.10
  8.19
  2.52
  2.97
  7.04
  6.45
  8.51
  6.61
  7.69
  4.57
  8.43
  3.48
  5.19
