Measured Diameters
  7.58
  6.84
  8.29
  6.57
  5.75
  6.66
  2.29
 10.47
  4.00
 11.28
  7.92
  7.21
  6.98
  7.08
  6.92
  6.88
  5.87
  8.86
  6.55
  6.29
  3.44
  5.96
  8.73
 11.37
  6.36
 10.74
  3.60
  7.00
  2.82
  5.38
  7.21
  6.84
  2.23
  7.62
  7.66
  5.75
  7.57
  7.64
  3.15
  7.00
  2.92
  7.40
  7.34
  6.10
  7.92
  5.91
  3.36
  8.41
  7.23
  6.66
  9.72
  6.42
  8.39
  2.92
  6.32
  7.25
  6.78
  8.75
  7.29
  6.53
  2.16
  2.03
  2.52
  6.55
  9.83
  6.72
  5.03
  6.57
  2.78
  7.55
 18.19
  6.72
  9.01
  5.60
  6.78
  7.42
  6.68
  2.46
  7.66
  7.06
  5.17
 13.16
 10.65
  6.80
  5.32
  8.34
  6.88
  8.09
  6.78
  8.14
  3.01
  6.53
  7.38
  6.82
  6.61
  6.32
 10.29
  7.08
  7.19
  5.75
  6.12
  5.50
  5.32
  6.70
  2.87
  7.08
  3.32
  2.57
 13.10
  5.11
  2.92
  8.24
  2.92
  7.40
  5.93
  7.00
  9.59
  2.40
  2.03
  6.03
  6.80
  2.03
  2.16
  6.55
 10.39
  3.75
  4.33
  7.64
  3.96
  6.64
  6.42
  5.55
  3.19
  5.65
  2.29
  2.52
  5.17
  6.53
 16.90
  5.43
  5.06
  3.28
  5.87
  5.38
  7.31
 11.82
