Measured Diameters
  7.23
  7.64
  7.33
  9.04
  7.62
  9.73
  6.66
  7.92
  6.70
  4.20
  7.36
  2.16
  9.69
  2.52
  6.84
  3.67
  5.91
  8.51
  6.82
  9.22
  3.93
  4.33
  4.26
  4.57
  2.78
  6.10
  8.57
  7.06
  8.34
  6.61
  7.89
 12.59
  6.27
 10.21
  7.40
  8.57
  4.63
  5.60
  7.60
  8.04
  2.10
  2.82
 10.88
  7.33
  2.73
 11.62
  2.62
  7.87
  7.90
  3.40
  5.45
  4.86
  7.49
  4.72
  3.01
  2.62
  4.75
  7.75
  3.01
  7.57
  7.33
  6.96
  6.94
  2.03
  6.40
  2.23
  6.55
  7.06
  4.48
  6.78
  7.33
  2.62
  7.76
  7.23
  7.27
  6.59
  6.29
  2.29
  7.02
  7.36
  6.47
  5.60
  6.45
  3.19
  6.92
  7.53
  2.16
  5.25
  6.84
  7.83
  6.70
  4.92
  6.34
 10.61
  2.16
  8.65
  4.29
  4.81
  5.96
  6.90
  3.23
  7.55
  2.57
 16.84
  6.76
  5.89
 10.33
  4.54
  2.40
  7.82
  6.90
  6.18
  8.65
  6.42
  6.49
  9.04
  8.19
  6.82
  2.29
  6.45
  7.53
  5.89
