Measured Diameters
  6.53
  6.16
  2.62
  7.23
  7.42
 11.32
 10.44
  9.35
  7.33
  5.45
  2.23
 10.01
  7.00
  2.52
  6.00
  7.49
  2.23
  6.92
  6.03
  7.64
  6.86
  7.34
  7.90
  7.83
  7.21
  7.51
  7.46
  8.21
  8.65
  2.35
 10.48
  8.34
  3.85
 21.76
  6.12
  7.12
  7.96
  9.25
 10.47
  9.38
  6.03
  2.23
  7.73
  6.53
 11.87
  6.45
  7.60
  7.31
  6.61
  4.92
  7.12
  8.73
  3.06
  2.10
  6.47
  7.34
  9.56
 12.31
 13.65
 12.54
  8.06
  9.50
  7.00
  7.85
  7.08
  8.08
  7.42
  2.57
  7.87
 12.31
  3.82
  6.40
  3.56
  7.40
 11.40
  8.04
  7.82
  2.82
  7.42
  7.76
  7.31
  7.21
  7.55
  4.95
 10.43
  2.35
  9.01
  8.47
  2.03
