Measured Diameters
  2.40
  3.28
  4.00
  6.94
  7.62
  6.64
  4.98
  5.65
  7.04
 11.94
  7.60
  9.06
  2.16
 10.41
  6.74
  6.70
  9.72
  5.89
  4.39
  7.29
  3.15
  9.90
  2.29
  8.33
 12.61
  8.62
  4.06
  7.94
  4.36
  3.60
  7.87
  5.19
  6.94
  7.17
  5.25
  6.76
  8.11
  5.30
 12.28
  6.03
  7.75
  6.94
  8.78
  6.64
  7.08
  8.87
  2.87
  2.97
  7.15
  8.19
 10.13
  4.69
  8.81
  6.49
  4.66
  4.06
  7.58
  6.76
  9.73
  8.76
  6.32
  9.01
  8.34
  6.82
  9.06
  7.97
  8.54
  7.57
  6.57
  7.27
  8.09
  7.46
  7.00
  3.63
  2.67
  6.49
  4.45
  8.64
  2.29
  5.87
  4.10
