Measured Diameters
  9.09
  8.06
  8.59
  7.15
  8.78
  6.12
  8.57
 17.03
  8.67
  8.92
  9.59
  9.07
  7.55
  2.10
  7.00
 16.12
  7.36
 10.99
  4.00
  9.54
  2.10
  9.38
  8.13
  5.91
  5.87
  7.64
  6.78
  8.76
  8.01
  2.52
  3.89
  4.45
  9.19
 10.14
  9.84
 11.84
  6.64
  8.96
 11.97
  2.29
  8.13
  5.30
  2.03
 11.77
  5.65
  6.57
  3.67
  9.44
  9.22
  8.59
  7.46
  6.27
  8.89
  7.80
  8.90
  6.64
 12.71
  7.82
  3.75
  5.84
  8.73
  3.63
  2.82
  3.28
  8.21
 12.30
  7.89
  4.60
  7.57
  3.78
  8.21
  5.65
  8.16
  7.40
  8.78
  9.03
  7.94
  7.21
  3.19
  8.38
  7.42
  7.60
 10.54
  9.21
  9.03
  8.87
  2.10
  9.73
  3.01
  6.76
  5.03
  3.32
  8.93
  3.48
  7.25
 10.85
  8.79
  4.00
 10.63
  9.09
  2.03
  7.78
  3.23
  7.89
  7.66
  7.21
  3.48
  8.28
  7.21
  4.16
  7.99
  7.82
  5.98
  5.35
  8.56
  9.79
  7.57
  7.51
  7.10
  7.78
  6.68
  6.59
  8.62
  2.16
  2.52
  2.78
  6.36
  6.94
 12.09
  7.53
  5.70
