Measured Diameters
  6.92
 10.62
  7.04
  4.63
  9.83
  6.40
  5.79
  6.29
  2.87
  7.83
  9.25
  7.08
  5.89
  6.70
  6.27
  6.68
  6.88
  3.19
  8.76
  4.98
  9.86
  2.92
  8.92
  6.64
  7.27
  7.15
  2.67
  6.18
  5.82
  6.25
  3.10
  7.04
  7.23
  4.48
  8.31
  4.26
  8.13
  9.98
  6.84
 12.24
  2.67
  7.90
  4.72
  6.51
  5.77
  5.79
  5.50
 13.48
  6.66
 10.19
  3.19
  6.96
  3.15
  7.78
  5.77
  6.70
  6.16
  7.02
  3.63
  7.02
  7.38
  4.03
  3.71
  7.36
  9.63
  7.10
  6.84
  7.69
  6.82
  8.47
  5.06
  2.35
  4.54
  8.52
  6.80
  5.87
  7.38
  7.38
  4.63
  7.19
  5.82
  3.23
  7.19
  2.35
  5.87
  6.18
 12.38
  5.48
  2.10
  6.55
  6.64
  6.92
  7.08
  2.82
  6.55
  6.16
  7.33
  3.36
 10.31
  2.52
  2.82
  8.56
  8.06
  3.63
  8.38
  3.75
  9.70
  4.23
  2.87
  6.86
  6.78
  7.38
  2.78
  9.49
  2.29
  8.90
  6.98
  6.42
  7.64
  6.70
  6.49
  4.33
  7.29
  7.58
  3.60
  6.72
  7.15
  6.34
  5.65
  3.75
