Measured Diameters
  7.44
  5.38
  7.38
 10.84
  2.57
  2.23
  2.46
  2.82
  2.03
  9.06
  9.44
  8.73
 10.87
  8.76
  9.52
  9.50
  3.75
  2.23
  8.59
  8.44
  2.10
  5.58
 10.45
 10.47
  3.63
  7.42
  2.16
  2.46
  8.86
  9.54
  8.52
  2.52
  8.95
  8.60
 10.25
  8.04
 12.39
 10.01
  7.60
  9.50
  6.76
  8.60
  2.40
  8.21
  3.06
  3.28
  3.36
 10.36
  6.05
  9.12
 10.05
  8.70
  2.62
  2.03
 13.57
  3.01
  7.62
  2.67
  9.30
  7.04
  4.89
  3.44
  9.33
  8.78
  3.63
  9.56
  8.92
  4.00
 12.49
 10.66
  8.02
  5.32
 10.20
  7.58
  2.23
  4.20
  2.16
  9.10
  6.55
  9.62
  9.04
  8.11
  3.71
  9.83
  7.21
  7.58
 11.07
  7.17
 12.41
 10.95
  7.83
 11.99
  8.82
  7.33
  9.33
  8.52
  9.15
  7.27
  7.89
  5.06
  8.57
  8.49
  5.65
  4.23
  2.16
  3.67
  9.70
  8.04
  2.40
  3.78
 11.46
  2.40
  7.31
  4.51
  6.32
  6.80
  9.74
 14.39
  9.47
  4.13
  3.36
 10.16
  4.98
  4.16
  6.49
  4.23
