Measured Diameters
  5.27
  9.03
  8.28
  4.16
  5.06
  7.78
  4.16
  8.57
  2.10
  7.19
  3.44
  6.70
  7.04
  3.28
  5.53
  3.82
  6.80
  4.86
  6.66
  3.52
  7.82
  5.38
  6.59
  7.15
  5.63
  8.14
  6.72
  4.54
  7.49
  8.98
 14.03
  8.70
  7.49
  2.46
  6.36
  7.38
  5.53
  7.36
  3.23
  6.42
  7.10
  5.32
  6.51
  7.67
  8.24
  6.92
  8.26
  2.62
  8.84
  2.97
  9.07
  6.07
  5.82
  7.89
 11.05
  3.40
  9.62
 11.00
  2.35
  5.63
 18.84
  2.97
  8.52
  6.68
  2.46
  7.78
  6.00
  4.20
  7.15
  8.11
  4.66
  7.21
  7.92
  5.14
  2.97
  8.36
  6.49
  5.75
  9.44
  4.16
