Measured Diameters
  2.52
  7.57
 10.16
  2.97
  6.57
  2.10
 10.65
  7.60
  6.92
  9.25
  4.78
  3.96
  4.86
  7.90
  3.19
  5.09
 13.09
 11.81
 10.71
 10.35
  6.03
  7.29
  3.48
  2.52
  9.12
  6.94
  3.40
  7.66
  7.99
  3.52
  9.12
  2.46
  3.28
  8.24
 13.13
  9.22
 14.15
  6.82
  7.99
  6.64
  7.69
  5.60
 12.86
  7.60
  2.46
  4.06
  6.68
  5.45
  2.62
  7.67
  9.49
  8.21
  8.62
  2.67
  5.30
 12.60
 16.65
  2.97
  7.15
  7.67
  3.40
  8.72
  7.12
  8.81
  9.80
  2.40
  3.85
  7.73
  2.78
  7.04
 11.40
  6.94
  9.53
  3.28
 10.01
  5.79
  2.82
  4.45
 11.93
  2.35
 10.47
  3.93
 12.20
  7.47
  2.78
  7.90
  2.57
  7.17
  6.16
  3.85
  7.94
  7.89
  8.26
  6.32
  2.78
  6.61
 11.12
  4.69
  2.40
 12.01
  2.73
  8.54
  3.85
  6.53
  6.36
 11.78
  7.38
  3.10
  9.12
  5.48
  5.11
  4.51
  6.96
  5.75
  2.73
  9.97
  5.55
  6.42
  4.23
  2.35
  7.94
 14.98
  7.36
  2.40
  7.83
  4.66
 10.73
  5.38
 11.55
  6.55
  8.84
  6.47
  7.89
  6.68
  7.71
 11.03
  2.46
  9.40
  6.03
