Measured Diameters
  6.96
  9.72
  2.82
  5.45
  7.00
  4.69
  6.70
 10.14
  2.57
  8.36
  6.03
  6.94
  6.94
  6.14
  7.02
  6.00
  7.55
  7.67
  8.67
  2.97
  8.67
  8.59
  4.81
  5.55
  6.47
  8.19
  2.46
 14.00
  8.57
  3.19
  8.06
  6.59
 10.05
  6.68
  5.22
  6.61
  5.77
  7.67
  9.27
  5.75
  7.02
  6.61
  7.17
  7.85
  2.16
  2.40
  4.36
  3.15
  8.04
  2.87
 22.13
 10.27
  4.54
 11.65
  8.33
  4.51
  3.60
  9.93
  7.58
  7.33
  8.82
  2.29
  2.82
  6.86
  3.15
  9.88
  4.10
  7.21
  9.91
  7.58
  8.57
  2.23
  6.94
  6.74
  7.27
  6.98
  8.24
  6.76
  4.84
  7.78
  7.33
  8.08
  8.89
  7.71
  8.02
  7.40
  5.22
  3.56
  7.51
  6.45
 11.02
 11.64
 11.17
  4.54
  7.46
  8.38
  6.07
  5.79
  2.40
  2.10
  7.92
  8.13
  7.08
  7.33
  4.48
  6.96
  4.03
 12.75
  7.25
  6.40
 12.69
  7.76
  4.00
  6.18
 10.98
  8.43
  6.55
  8.49
  2.16
  3.06
  9.74
  9.76
  4.03
  6.29
  9.72
  6.88
  2.97
  7.04
  6.51
  8.06
  6.92
  2.87
  5.58
  3.15
  6.80
  7.51
  6.57
  3.32
  5.75
  7.06
  5.27
  7.02
  9.94
  7.06
  2.16
  2.03
  2.23
  7.04
  3.36
  6.42
  6.88
  9.62
 14.13
  8.11
  7.25
  7.40
 10.67
  3.96
  6.74
  2.57
