Measured Diameters
 10.09
  3.93
  7.08
  7.51
  3.15
  7.75
  7.40
  4.63
  3.06
  8.96
  8.23
  5.40
  7.02
  6.98
  6.05
  7.71
  6.64
  8.08
  8.14
  9.06
  4.20
  2.46
 10.21
  7.57
  8.36
  8.51
  4.86
  8.19
  3.63
  6.16
  7.87
  6.61
  7.49
  9.40
 10.27
  9.12
  7.00
  8.24
  7.15
  3.75
  3.56
  7.78
  6.38
  7.78
  9.81
  9.91
  7.49
  8.43
  4.45
  7.49
  6.55
  7.76
  8.56
  2.82
  8.33
  9.91
 11.21
  8.86
  8.57
 10.12
  8.29
  7.06
  2.29
  3.40
  5.38
  7.55
  8.14
  8.08
  6.53
  9.27
  7.46
  8.82
  3.44
  8.09
  8.75
  8.47
  9.04
