Measured Diameters
  3.82
  8.57
  6.47
  7.29
  7.40
  7.78
  2.57
  3.10
  8.68
  3.52
  4.23
 10.21
  7.57
  7.82
  7.60
  5.17
  7.21
  6.23
  8.04
  8.16
  4.42
  5.53
  2.10
  8.11
  7.27
  8.34
  7.04
  8.47
  7.66
  7.66
  7.55
  8.31
  2.10
  4.72
  2.40
  7.80
  7.69
  5.63
  5.03
  8.44
  6.07
  6.76
  7.73
  5.75
  4.51
  8.21
  7.51
 16.27
  2.16
  2.03
  9.15
  3.96
  8.31
  7.92
  6.42
  7.75
  7.76
  7.42
 10.89
  8.87
  9.77
  6.82
  8.38
 11.30
 11.49
  7.25
  9.93
  2.40
  9.44
  6.68
  8.43
  3.82
 10.89
  3.10
 10.35
  9.84
  8.06
  3.52
  6.47
  2.73
  7.71
  7.12
  2.57
  5.35
  7.58
  8.64
  7.55
  2.57
  7.44
  8.09
  6.86
  2.23
  3.06
  5.77
  8.46
  7.47
  7.96
  7.92
  7.25
  6.34
  7.78
 12.07
  3.89
  2.23
  7.08
  7.47
  7.40
  4.75
  8.64
  5.72
  2.46
  3.96
  5.87
