Measured Diameters
  7.46
  9.70
  8.43
  8.59
 12.91
  8.84
  5.91
  5.79
  6.25
 10.10
  8.99
 10.27
  8.23
 10.66
  7.97
  9.07
 10.39
  9.91
  8.39
  6.84
 10.88
  8.78
  8.39
  5.70
  7.21
 11.59
  9.81
  8.36
  7.89
 11.12
 11.96
  7.57
  7.38
  9.18
  7.19
  8.90
 10.53
  9.18
  4.16
 10.05
  5.98
 14.47
  3.63
  5.00
  5.58
  2.97
 10.27
  5.63
  7.15
  7.31
  2.23
 10.35
  6.16
  7.51
 11.45
  7.73
  8.95
  7.44
  8.99
  7.08
  6.36
  9.37
  9.76
  9.64
  2.92
  3.36
  7.58
  2.87
  4.00
  4.16
  9.30
  3.63
  9.19
  7.55
  2.16
  8.99
