Measured Diameters
  6.66
  6.27
  6.90
  8.57
 11.96
  2.29
  7.02
  9.28
  8.29
  7.00
  6.78
  5.65
  5.60
  6.36
  3.85
  3.56
  7.57
  6.68
  2.16
  6.49
  8.24
  6.88
  5.27
  3.36
  7.47
  6.36
 11.46
  6.57
  2.57
  8.08
  7.90
  4.45
  7.97
  8.11
  3.40
  5.53
  7.73
  6.36
  9.28
  6.68
  5.70
  7.55
 11.85
  2.16
  2.40
  4.78
  3.71
  7.27
  6.36
  6.55
  7.25
  7.19
  7.33
  8.54
  7.00
  7.19
  8.67
  9.64
  5.82
  5.60
  7.49
  7.73
  6.98
  6.23
  7.73
  6.14
  3.96
  3.82
  7.90
 10.37
  4.51
  6.36
  2.35
  7.44
  9.30
  6.51
 10.79
  6.78
  3.52
  3.75
  8.02
  3.63
  2.23
  4.29
  7.55
 12.49
  5.06
  3.15
  4.86
  3.67
  3.06
  2.78
  6.10
  4.54
  7.44
  3.28
  6.47
  2.78
  6.74
  6.68
