Measured Diameters
  5.30
  7.02
  7.21
  6.29
  8.02
  2.40
  6.53
  6.78
  2.03
  6.40
  2.16
  9.73
  7.69
  7.53
  2.23
  3.32
  8.33
  6.86
  9.74
  7.69
  5.55
  4.63
  5.77
  7.38
  8.18
  2.92
  7.27
  2.67
  7.80
  8.21
  6.61
  8.29
  5.87
  4.33
  5.77
  7.89
  6.18
  7.25
  6.16
  3.36
  6.38
  2.97
  8.70
  5.72
  3.28
  7.69
  5.82
  5.75
  6.74
  9.38
  8.60
  6.07
  6.10
  5.50
  6.53
 10.58
  2.23
  7.66
  3.15
  3.15
  7.34
  2.62
  8.73
  7.23
  3.32
  2.52
  5.98
  7.29
  5.96
  5.60
  5.25
  6.76
  6.29
  6.10
  7.10
  2.78
  4.54
  2.57
  2.16
  6.59
  8.09
  7.12
  6.80
  7.27
  3.63
  8.54
 10.43
  5.53
  6.18
  4.75
  7.29
  5.32
  6.21
  3.96
  4.98
  7.62
  2.62
  6.90
  8.28
  5.48
  7.40
  5.11
  8.19
  7.08
  5.22
  5.84
  3.10
  9.47
  7.15
  6.55
  6.49
  6.78
  6.49
  7.60
  7.66
  7.40
  6.92
  4.10
  6.49
  6.82
  7.78
  7.15
  7.73
  2.16
  9.91
  6.86
