Measured Diameters
  9.33
  7.78
  5.67
  9.07
  7.55
  2.03
  9.22
  6.88
  7.47
  7.58
  3.40
  6.38
  7.60
  7.47
  8.33
 17.42
  7.75
  8.06
  9.83
  7.57
  7.14
  8.41
  8.29
  8.51
  4.20
  8.52
  9.40
  7.73
  4.48
  9.77
  9.46
  2.78
  5.98
  7.90
  5.19
  5.72
  9.56
  6.70
  9.04
  9.37
  5.27
  6.18
  6.55
  4.00
  2.23
  8.19
  6.90
  3.67
  8.75
  4.78
  8.28
  2.23
  2.78
  6.53
  6.92
  6.10
  3.78
  6.42
  9.74
  7.21
  3.56
  7.99
  2.82
 10.13
  7.83
  8.16
  7.94
 16.79
  5.25
  8.09
  6.80
  8.51
  4.42
  9.40
  2.29
  7.87
  2.29
  2.23
  9.73
  7.42
  7.90
  3.36
  3.32
  3.93
  7.08
  6.66
  8.78
 12.16
  2.40
  8.62
  2.23
  9.06
 12.46
  8.90
  7.60
  7.12
  8.26
  7.60
  9.43
  3.96
  7.38
  6.55
 12.07
  5.96
  8.39
  7.31
  6.76
  5.50
  3.78
  3.15
  8.31
  4.51
  2.62
  6.42
 10.69
  2.03
  9.79
  2.57
  8.26
  6.61
  8.51
  3.28
  7.66
  5.35
  3.82
