Measured Diameters
  7.33
  6.12
  7.78
  4.51
  6.21
  6.10
  8.67
  7.25
  6.34
  7.14
  3.36
  6.18
  6.94
  2.10
  5.67
  4.98
  2.52
  5.09
  7.49
  6.23
  4.69
  6.10
  6.25
  6.40
  2.57
  4.60
  6.23
  6.27
  9.09
  9.06
  7.31
 10.24
  9.91
  6.59
  6.40
  7.44
  8.49
  6.53
  6.94
  2.40
  9.12
  7.10
  4.36
  6.88
  5.30
  6.96
  4.63
  3.36
  3.32
  7.89
  7.40
  6.57
  4.06
  5.77
  7.40
  5.45
  5.50
  6.29
  2.67
  3.89
  8.23
  8.67
  7.08
  4.92
  6.47
  5.87
  6.72
  6.18
  4.16
  6.51
  6.57
  5.84
  6.70
  2.87
  6.05
  6.36
  6.59
  7.42
  6.51
  5.30
  5.72
  5.35
  5.30
  7.00
  6.80
  6.57
  4.92
  5.58
  6.42
  7.17
  6.76
