Measured Diameters
  7.19
  8.33
  8.33
  8.93
  3.44
  5.14
  7.83
  4.33
  6.64
  7.42
  8.08
  6.14
  6.76
  7.75
  2.73
  7.12
 14.33
  3.96
  2.35
  6.55
  5.82
  8.33
  6.94
  8.01
  4.69
  3.15
  7.21
  5.96
  3.23
  6.38
  5.55
 10.93
  9.90
  7.25
  9.27
  2.10
  4.00
 10.76
  7.62
  6.98
  3.78
  9.12
  9.10
  7.60
  7.21
  7.04
  6.29
  8.64
  8.13
  7.25
  7.69
  7.64
  9.91
  6.98
  7.40
  5.60
  9.54
 10.21
  5.70
  7.08
  7.58
  5.38
  5.40
  2.62
  2.97
  5.22
  3.40
  5.82
  7.23
  4.84
 10.57
  5.98
  5.84
