Measured Diameters
  2.10
  7.47
  2.35
  2.40
  8.09
  8.19
 19.96
  2.82
  8.14
 10.05
  4.16
  2.10
 10.33
  6.88
  3.15
  7.92
  6.59
  2.97
  2.16
 16.18
  6.74
  7.89
 10.31
  7.34
  5.93
  2.03
  5.58
 10.53
  6.88
  6.96
  9.18
  3.56
  3.36
  6.25
  9.33
  8.62
  8.43
  6.10
  9.10
  5.32
  8.51
  7.69
 11.03
  7.12
  2.16
  5.87
  8.52
  2.03
  9.04
  2.16
 13.50
  5.89
  4.95
  4.84
  2.03
  7.80
  7.89
 10.35
  4.51
  2.40
  5.79
  8.11
  8.24
  8.29
  5.58
  5.98
  8.70
 11.02
  2.62
  9.18
  6.68
  3.89
  8.44
  8.11
  3.10
  6.57
  8.70
  7.47
 10.06
  8.31
  6.88
  5.75
  8.68
  7.19
  3.67
  6.03
  2.62
  2.16
  7.96
  4.48
  9.09
  3.60
  7.40
  7.67
  7.27
  6.68
  8.24
  8.34
  9.28
  4.86
  6.96
  6.34
  8.78
  8.23
  6.80
 11.18
 10.13
  7.99
  5.58
  2.03
  6.07
 12.60
 21.14
  9.27
  7.66
  2.92
  4.98
  5.17
  2.57
  8.08
  7.87
  6.16
  6.27
  8.44
  2.82
  7.62
  8.24
  9.66
  6.96
 13.20
  3.19
  3.56
  9.90
