Measured Diameters
  6.38
 11.84
  8.28
 10.84
  2.10
  8.16
  7.04
  5.58
  7.29
 11.32
  2.29
  8.86
  4.36
  6.34
  5.91
  7.76
  3.15
  2.29
  8.86
  9.67
 14.00
  5.50
  2.10
  6.12
  3.06
  4.63
  8.81
  8.28
  7.02
  6.61
  8.84
  5.40
 11.30
  6.82
  7.76
  2.87
  7.57
  7.42
  8.52
  2.52
  8.65
  6.23
  7.34
  2.46
  6.47
  4.10
  6.80
  7.00
  8.59
  7.25
  8.19
  8.72
  2.57
  6.29
  6.86
  6.78
  5.55
  5.82
  7.02
  7.82
 11.28
  8.02
  3.96
  2.46
  7.36
  2.29
  4.84
  6.00
  8.11
 11.85
  7.08
  4.20
  8.34
  2.82
  7.53
 10.09
  7.38
  5.93
  4.89
 10.54
  6.27
  2.29
  6.74
  6.66
  6.90
  9.47
  6.23
  6.74
  2.62
  5.55
  7.67
  6.92
  3.23
 11.42
 10.79
  5.93
  3.48
  6.16
  4.45
  3.23
  5.98
  2.23
  3.78
  3.85
  7.55
  8.90
  4.57
  7.04
  8.81
  5.32
  3.63
  2.23
  6.64
  2.87
  9.60
  5.84
  3.85
  2.97
  3.56
  2.23
  7.92
  9.60
  2.35
  3.10
  7.53
  6.16
  3.63
  3.06
  4.03
  3.15
  2.73
  5.93
  9.79
  6.42
  2.57
  7.87
  7.49
  7.58
  6.45
