Measured Diameters
  5.72
  7.62
  2.35
  7.29
  3.89
  7.08
  7.46
  3.40
  4.42
  7.69
  8.62
  8.14
  7.23
  8.33
  2.40
  7.64
  8.34
  4.72
  7.62
  9.46
  4.03
  5.72
  4.63
  8.67
  3.10
  7.47
  8.93
  2.73
  3.44
  8.95
  2.23
  3.01
  6.98
  7.21
  2.82
  2.97
  7.46
  7.92
  4.72
  3.63
  7.66
  4.00
  7.47
  8.47
  2.52
  2.03
  9.40
  8.19
  8.24
  3.89
 10.19
  8.76
 11.77
  6.70
  6.90
  4.75
  7.51
  7.78
  7.36
  8.57
  8.44
  9.25
  3.96
  8.44
 10.32
 15.26
  8.28
  7.62
  3.78
  4.54
  3.56
 12.00
  8.08
  8.78
  2.40
  2.57
  2.10
  6.34
  5.63
  2.23
  2.82
  6.51
  9.21
  8.59
 11.55
  7.34
  7.92
  7.92
  4.89
  7.23
  8.28
  7.97
  6.92
  6.38
  2.82
  3.96
  8.13
  2.87
  6.49
  9.40
  7.23
  8.02
  9.27
  6.61
  7.23
  8.11
  8.47
  8.99
  5.93
  3.01
  7.51
 11.05
  6.88
  7.62
  7.40
  7.51
  4.03
  9.10
  3.23
  9.70
  8.70
  6.10
  6.23
  9.18
  6.32
  8.14
  2.23
 10.25
  3.85
  6.34
 13.18
  6.66
  6.92
  2.87
  7.47
  6.64
 11.19
  9.77
  7.60
  3.10
  7.64
  7.85
  9.27
 16.66
  5.87
  7.00
  7.82
 11.55
  7.46
  6.86
