Measured Diameters
  8.86
  9.86
  3.56
  7.33
 10.14
  5.50
  9.24
  8.96
  7.40
  8.76
  9.28
  7.73
  9.18
  8.02
  8.75
  5.30
 10.69
  8.09
  8.47
  5.58
 11.58
 13.22
  7.83
 11.53
  2.35
  7.99
  9.40
 12.14
  8.79
 10.39
  3.19
 10.78
 14.47
  8.57
  2.78
  9.22
 10.50
  8.28
  2.03
  4.16
  2.57
  4.16
 14.33
  9.63
  5.22
  2.52
  9.43
 11.35
 10.67
 11.00
  6.98
 10.39
  8.18
 18.79
  9.18
 10.69
  7.96
  3.10
 11.90
  9.81
 11.79
 11.79
  2.35
  8.87
  2.92
 11.25
 13.71
  2.73
  7.85
  8.08
 20.09
 17.46
 10.02
  3.10
  9.03
 10.79
  3.10
 10.80
  9.87
  8.86
  3.36
  9.77
  2.52
 14.60
  8.84
  9.44
  6.23
  8.93
  8.19
 11.85
  2.16
  2.03
  4.39
  3.01
  9.67
  2.73
  3.63
  8.86
  3.06
  7.58
  9.81
  3.63
  2.03
  8.26
 11.41
  6.36
 19.56
 10.48
  8.86
  6.34
  9.19
 10.56
  7.73
 13.15
  6.34
  8.11
  7.23
  7.97
  2.73
 14.85
  9.19
  8.28
 17.01
  8.75
  5.70
  8.57
  3.44
