Measured Diameters
  5.72
  7.64
 10.08
  4.60
  7.55
  5.60
  7.31
 10.08
  6.29
  7.36
  2.87
  6.96
  8.21
  8.98
  7.89
  3.60
  7.08
  2.62
  5.53
  4.95
  3.67
  6.12
  7.71
  9.13
  9.93
  4.26
  8.98
  3.23
  6.16
  6.72
  7.49
  3.15
  8.14
  2.92
  7.04
  7.06
  7.02
  7.19
  6.98
  8.11
  5.70
  2.35
  5.09
  6.88
  7.99
  8.04
  3.82
  7.04
  6.32
  6.78
  4.86
  5.45
  2.03
  6.94
  7.33
  6.53
  7.46
  3.40
  6.72
  6.07
  7.57
  3.15
  9.72
  8.31
  3.67
  2.62
  4.16
  6.36
  2.67
  4.78
  7.46
  7.73
  6.16
  4.75
  3.56
  5.19
  7.23
  7.87
  5.53
  2.40
  4.03
  7.69
  6.34
  8.06
  9.57
  4.95
  9.43
 13.73
 10.75
  2.57
  7.06
  4.20
  4.45
  7.80
  4.26
 11.95
  7.06
  8.75
  5.06
  5.06
 12.60
  2.23
  3.15
  7.27
  3.78
  7.49
  6.82
  2.46
  7.55
  5.70
  6.40
  3.19
  2.46
  7.47
  7.60
  5.89
  5.79
  8.01
  6.27
  3.32
  3.10
  7.04
 11.86
  2.03
 10.41
  6.68
  6.29
  6.88
  2.57
  8.08
  2.57
  5.67
  3.10
  7.33
  6.84
  7.89
  2.73
  2.16
  2.57
  6.72
  3.85
  7.15
  7.29
  4.86
  8.23
  6.92
  6.88
  6.53
  3.71
  7.71
  8.09
  8.82
  2.78
  2.29
  7.14
  9.38
  6.92
  6.68
