Measured Diameters
  5.40
 10.39
  5.87
  8.33
 10.12
 10.19
  2.35
 11.31
  9.98
  2.67
 11.07
  2.97
  9.35
  5.70
  7.12
  7.71
  2.57
  4.36
  7.14
  9.53
  9.97
  8.46
  9.76
  4.29
  8.11
 10.45
 10.14
  2.78
  5.22
  7.19
  6.07
  8.89
  8.24
 11.20
  9.70
 11.90
  5.87
  6.94
  2.23
  2.16
 11.38
  3.89
 10.50
  3.75
  6.74
  4.66
  5.35
 13.26
 11.23
 16.75
  6.32
  4.48
 11.78
  5.87
 12.86
  8.67
 11.61
  7.62
 11.64
  8.99
  3.06
  2.92
 11.19
  2.52
  9.67
  9.12
  6.45
  4.23
  7.12
  8.95
  9.15
  4.26
  2.46
 13.99
  8.75
  6.70
  3.23
  6.21
  7.51
 12.35
 12.27
 12.29
 10.20
  7.82
 10.01
  8.44
 10.78
  6.66
 10.31
  2.57
  6.34
  6.21
 11.28
  8.29
 11.21
  2.10
  6.70
 17.47
  8.19
 10.49
  6.25
 10.92
  5.87
  8.57
  7.53
  9.73
