Measured Diameters
  4.63
  8.89
 13.49
  6.40
  3.44
  3.56
  6.07
  8.02
  8.28
  7.82
  5.45
  6.51
  5.93
  2.35
  2.29
  6.98
  6.49
  6.64
  3.60
  7.10
  2.67
  7.83
  7.19
  5.79
  3.28
  7.02
  6.74
  5.11
  4.63
  6.88
  6.51
  7.36
  7.53
  6.88
  2.10
  8.49
  8.87
 11.51
 12.19
  2.57
  9.64
  5.75
  7.82
  6.64
  8.14
  6.38
  6.74
  7.33
  4.48
  8.70
  7.82
  6.25
  4.23
  7.31
  2.97
  2.35
  7.00
  7.10
  7.36
  7.10
  5.35
  3.40
  7.55
  7.47
  8.23
  6.76
  2.40
  6.49
  6.21
 10.20
  2.46
  3.78
 10.78
  4.13
  5.48
  2.16
  7.23
  5.72
  2.97
  8.62
  7.58
  6.76
 13.16
  2.87
  7.51
 11.09
  5.00
  7.58
  6.94
  6.72
  9.56
  2.16
  6.32
  5.11
  8.99
  3.56
  7.51
 14.82
  2.52
  4.81
  9.80
  5.58
  7.38
  6.72
 10.09
  8.14
  3.28
  6.38
  4.26
  5.50
  6.27
 12.40
  6.34
  6.42
  5.45
  6.21
  7.64
  5.63
  7.14
  7.25
  6.05
  5.48
  8.81
  3.28
  2.35
  5.89
  7.58
  5.09
  2.73
  5.65
  7.97
  7.14
  6.98
  6.32
  6.21
  6.49
  3.01
  7.34
  6.98
  5.82
  6.72
  5.35
