Measured Diameters
  2.46
  6.59
 11.80
  9.88
  7.64
  8.09
  4.03
  7.97
  7.60
  9.16
  9.27
  7.82
  9.43
  9.09
  6.29
  5.40
  9.04
  3.71
  6.21
 12.04
  4.06
  8.44
  3.19
  8.70
  2.29
  9.64
  9.15
  4.00
  9.56
  8.51
  8.28
 10.14
 11.37
  2.35
  2.92
  3.75
  7.67
  6.66
  7.38
  4.48
  2.57
  9.64
  7.87
  3.01
  9.16
  4.57
  7.15
  7.10
  5.84
  9.24
  3.89
  8.29
  8.18
  4.98
  8.82
  7.60
  2.16
  8.33
 11.77
  2.03
  7.47
  7.29
  7.27
  5.11
  8.57
  8.90
  3.96
  2.62
  7.47
  5.17
  8.44
  5.65
  7.58
