Measured Diameters
 10.08
  6.90
  8.72
  7.67
  9.30
  8.84
  7.44
  2.10
  8.14
  9.21
  3.85
  2.57
 13.13
  8.14
  7.76
  8.16
  8.18
  3.32
  3.63
  7.99
  6.42
  5.32
  6.45
  4.33
  3.44
  3.96
  6.82
  6.90
  8.34
  6.42
  4.89
  3.36
  7.02
  7.12
  6.76
  6.76
  7.73
  6.80
  7.06
  2.10
  9.76
  9.24
  4.36
  2.10
  5.09
  8.44
  4.60
  8.39
  8.39
 11.18
  3.44
  2.57
 14.94
  5.03
  7.76
  6.66
  8.54
  9.16
  7.64
  3.75
  9.03
  7.78
  2.67
  7.47
  7.69
  7.23
  5.89
  3.10
  6.88
 14.41
  3.28
  7.04
  7.36
  9.98
  5.84
  6.76
  7.44
  7.10
  2.57
  6.05
  4.63
  3.23
  7.75
  2.52
  3.48
  8.47
  2.16
  2.78
  2.29
  2.97
  7.57
  9.16
 11.14
  7.80
  5.22
  8.01
  4.42
  2.23
  7.58
  3.48
  4.39
  7.34
  5.89
 10.10
  4.60
  5.93
  7.76
  5.17
  7.42
  7.49
  5.48
  6.92
  2.23
  2.67
 12.81
  8.34
  8.41
  7.62
  9.25
  3.96
  7.42
  7.73
  6.14
  7.49
  3.93
