Measured Diameters
  7.08
  7.46
  8.02
  9.72
  2.16
  9.44
  6.66
  7.47
  2.35
  8.19
  7.46
  2.35
  6.10
  8.06
  2.92
  7.46
  5.84
  8.39
  8.34
  2.92
  2.35
  8.60
  2.23
  3.56
  4.48
  7.17
  7.06
  5.53
  7.66
  8.16
  7.60
  7.25
  7.00
  7.44
  9.64
  6.21
  8.16
  7.85
  6.98
  7.87
  9.50
  8.18
  8.08
  2.78
  8.52
  9.10
  9.63
  6.07
  7.14
  7.49
  6.49
  6.40
  7.49
  6.78
  7.51
  5.70
  5.82
  5.67
  4.69
  6.42
  3.89
  7.46
  5.25
  2.52
  6.21
  6.78
  6.38
  7.60
  4.16
  6.86
  2.92
  3.28
  8.38
  9.79
  8.13
  7.83
  3.44
  8.28
  7.87
  2.52
  2.29
  3.44
  5.27
  7.55
  8.67
  8.36
  5.17
  5.77
  9.15
  6.74
  6.29
