Measured Diameters
  7.33
  6.14
  6.82
 10.94
  2.82
  4.92
  8.39
  2.35
  7.55
  5.87
  3.36
  3.75
  6.18
  8.33
  5.77
  6.74
 10.20
  2.46
  8.52
  6.66
  6.86
  7.08
  6.74
  9.83
  5.09
  7.15
  6.68
  8.26
  9.30
  8.51
  7.53
  8.09
  5.96
  6.25
  6.64
  4.26
  6.18
  6.36
  9.49
  8.16
  2.03
  5.89
  6.59
  6.66
  2.16
  4.10
 10.48
  2.10
  8.19
  7.04
  4.26
  5.30
  2.16
  6.70
  6.40
 11.49
  4.69
  4.20
  4.72
 12.27
  7.27
  3.19
  3.63
  5.06
  6.88
  7.04
  7.49
  5.65
  3.78
  5.72
 12.73
  3.75
  7.38
  5.79
  8.09
  8.93
  6.88
  7.25
  5.19
  2.03
  2.03
  9.06
  9.88
  7.83
  6.34
  6.72
  6.82
  7.29
 17.73
  6.98
  3.96
 12.35
  2.10
  5.75
 12.58
  5.87
  9.99
  6.27
  8.72
  5.43
  2.62
  6.40
 10.01
  5.25
  6.68
  7.55
  6.64
  8.41
  7.02
  2.40
  4.98
  7.27
  6.14
  5.06
  9.72
 11.26
  6.92
  2.87
  7.57
 12.71
  4.06
  6.45
  6.96
  7.10
  3.36
  7.12
  3.93
  6.92
  7.00
  7.34
  6.76
  5.93
 11.45
  9.24
  2.35
  7.23
  7.31
  2.23
  2.87
  6.96
  2.73
  7.49
  2.92
  8.76
  5.89
  7.85
  6.10
  5.87
  6.76
  5.63
  6.66
  4.36
