Measured Diameters
  6.92
  6.53
  2.62
  8.38
  8.46
  6.70
  6.18
 10.28
  7.23
  6.90
  2.73
  3.93
  8.56
  9.21
  5.43
  6.74
 10.63
  6.94
  9.90
  5.30
  6.47
  7.80
  7.53
  2.29
  8.09
  2.10
  2.03
  5.45
  6.80
  2.46
  9.30
 11.13
 10.08
  5.63
  7.29
  7.83
  2.23
  7.94
  6.76
 10.78
  9.50
 10.35
  6.53
  6.76
  7.25
  3.01
 10.13
  3.78
 11.18
  4.69
 11.51
  7.17
  2.57
  6.47
  6.16
  6.16
  8.34
  8.49
  3.93
  5.45
  3.78
  5.32
  8.67
  8.87
  4.63
  5.25
  3.28
  6.90
  6.07
  5.22
  3.60
  8.43
  5.35
  8.46
  2.03
  8.54
  3.15
