Measured Diameters
  8.46
  8.47
  7.57
  7.04
 12.44
  7.85
  5.77
  6.32
  7.57
  8.95
  2.82
  6.88
  3.32
  7.89
  7.38
 10.58
  2.10
  7.57
  4.00
  8.60
  3.32
  4.33
  5.98
  2.40
 10.25
  9.87
  7.71
  8.73
  6.82
  4.00
  6.88
  5.50
  2.73
  6.53
  2.46
  7.67
  8.41
  5.75
  8.49
  3.85
  8.75
  6.82
 10.02
 12.11
  8.44
  7.66
  6.23
  2.67
  9.31
  4.39
  6.90
  4.39
  7.06
  9.06
  7.55
  3.63
  9.38
  9.06
  2.03
  7.42
  7.78
  6.34
  8.47
  6.42
  6.66
  6.96
  5.87
  2.62
  8.24
  8.39
  4.84
  2.52
  7.69
  7.73
  8.82
  3.36
 11.72
  7.04
  7.34
  2.67
  2.46
  7.33
  7.94
  6.53
  6.66
  7.55
  9.94
  7.53
  9.18
  3.71
  7.25
  9.59
  5.84
 10.41
  5.58
  8.68
  4.57
  6.53
  9.24
  8.08
  7.34
  6.59
  8.64
  3.23
  9.33
  8.51
 10.54
  3.52
  8.24
  8.65
  8.39
  8.99
  4.75
 12.85
  2.82
  9.18
  9.19
  4.72
  7.02
  3.19
  8.23
  7.55
  8.43
  8.02
  2.46
  4.48
  7.34
  2.29
  6.47
 15.75
  9.03
  6.25
 11.17
  6.36
  6.23
  6.57
  9.38
  6.29
 11.26
  8.86
  7.40
  6.88
  7.62
  7.38
  2.29
