Measured Diameters
  8.01
  6.96
  5.58
  6.47
  4.10
 10.63
  6.86
  7.42
  9.38
  8.16
  7.25
  7.19
  7.71
  2.35
  2.78
  7.38
  6.76
  6.64
  7.10
  6.53
  8.57
  8.56
  8.23
  7.96
 10.61
  8.04
  6.92
  8.62
  9.33
  7.02
 10.50
  7.96
  7.33
 10.31
  6.82
  3.19
  2.03
  8.38
  3.15
  2.35
  8.09
  6.82
  9.21
  7.64
  6.51
  7.66
  6.38
  3.44
  5.91
  8.92
  9.18
  7.97
  6.00
  2.10
  5.03
  5.19
  2.16
  7.02
  7.08
  2.82
  7.55
  3.01
  7.58
  8.43
  6.90
  7.04
  3.96
  4.45
  6.53
  5.77
  7.14
  8.54
 10.13
  4.57
  6.25
  8.86
  6.23
  2.46
  8.78
  7.46
  2.62
  6.98
  2.03
  5.11
  6.92
  6.27
  7.25
