Measured Diameters
  3.36
  5.72
  8.21
 12.03
  9.09
  7.82
  9.90
  9.64
  9.34
  8.46
 11.64
  4.92
  7.69
  8.56
  9.59
  8.60
  8.93
  6.59
 13.28
  3.15
 12.38
  9.13
 12.82
  8.78
  8.01
  6.57
  4.10
  4.95
  4.13
  3.06
  7.92
  8.64
 11.51
  5.14
  2.23
  2.78
 11.85
  8.72
 11.93
  9.04
  8.47
  7.80
  3.32
  2.62
  5.19
  8.04
  8.70
  9.69
  9.33
 11.35
  9.41
  9.33
  7.33
  7.49
  2.78
  9.15
  2.52
  8.31
  8.52
  8.52
 10.37
  8.26
  2.03
  8.87
  6.05
  9.64
  9.59
  9.01
  8.60
  8.08
  8.75
  2.78
 10.66
  9.21
  4.48
  8.31
  7.83
  6.55
  7.64
  6.72
  3.32
  9.74
  9.73
 10.78
  9.19
  7.10
  8.39
  8.81
  2.82
  9.28
  7.53
