Measured Diameters
  5.38
 15.12
  4.98
  6.92
  5.63
  8.86
  7.10
  2.29
  6.96
  7.12
  5.09
  6.86
  6.27
  7.55
  5.03
  5.60
  2.16
  7.66
  6.61
  3.52
  7.57
  7.62
  6.68
  8.11
  2.57
  5.72
  6.76
  4.26
  4.36
  6.98
  5.50
  7.94
  7.57
  7.10
  7.53
  7.83
  2.46
  7.08
  8.99
  6.38
  8.01
  5.91
  5.03
  2.62
  7.44
  7.47
  7.75
  7.58
  2.35
 12.63
  7.99
  3.85
  7.55
  4.72
  6.86
  6.78
 15.72
  3.78
  4.95
  6.34
  5.96
  7.83
  4.66
  2.92
  7.23
  7.73
  7.31
  6.96
  7.34
  5.67
  7.06
  5.65
 12.57
  5.96
  7.75
  4.26
  6.10
  5.77
  3.82
  7.12
  3.28
  7.23
 12.01
  4.81
  5.19
  4.66
  7.83
  7.02
  6.10
  6.96
  2.29
  7.04
  6.94
  4.42
  6.80
  6.74
  5.38
  9.84
  7.21
  7.08
  6.78
  7.12
  7.15
  7.12
  6.42
 11.40
  7.08
  6.78
  2.10
  7.33
  6.96
  9.97
  6.51
  6.61
  6.53
