Measured Diameters
  8.70
  7.36
  6.53
  6.74
  2.40
  6.70
  8.56
  6.82
  6.21
  7.36
  7.46
  3.15
  3.01
  4.84
  6.29
  8.31
  7.29
  7.38
  3.32
  2.29
  7.97
  7.66
  8.81
  6.51
  3.63
  8.92
  6.29
  7.10
  6.70
  3.52
  8.67
  9.12
  7.29
  8.65
  6.03
 13.36
  2.57
  6.88
  6.64
  6.84
  7.85
  7.40
  8.81
  6.38
  7.71
  7.17
 10.79
  5.43
  8.43
  8.98
  2.40
  7.64
  8.01
  7.31
  7.99
  5.32
  9.53
  5.89
  3.78
  2.92
  8.14
  3.67
  8.34
  4.60
  7.67
  9.38
  2.97
  2.10
  9.04
  7.31
  7.02
  7.76
  2.97
  3.10
  9.19
  7.55
  6.34
  6.82
  2.23
  2.35
  6.40
  2.16
  6.57
  6.59
  8.72
  6.25
  7.08
  8.93
  3.52
  4.10
  7.33
  8.43
  8.82
  6.72
  8.26
  9.03
  2.57
  7.08
  8.08
  5.19
  9.13
  8.65
  6.42
  6.34
  3.56
  7.15
  8.21
 10.05
  5.96
  2.40
  6.90
 21.13
