Measured Diameters
  5.79
  5.53
  8.28
  8.39
  6.47
  5.50
  8.26
  2.35
  2.87
 15.02
  5.72
  6.84
  5.79
  6.82
  3.82
  5.65
  5.75
  7.40
  2.87
  6.36
  6.16
  6.86
  5.91
  5.27
  2.29
  6.66
  6.84
  7.47
  9.13
  7.85
  7.23
  6.45
  6.55
  8.08
  8.41
  3.71
  8.99
  7.44
  5.38
  5.58
  2.62
  8.01
  3.67
  8.11
  7.80
  7.17
  6.70
  7.42
  6.47
  7.33
  9.15
  5.65
  2.97
  5.87
  5.25
  7.14
 10.73
  4.03
  5.77
  3.28
  6.45
  5.79
  3.19
  2.67
  3.56
  4.13
  7.55
  6.74
 10.40
  4.75
  5.09
  4.57
  6.59
  6.86
  7.69
  7.67
  5.35
  7.27
  6.47
 11.36
  3.48
  2.52
  7.27
 11.60
  7.25
  7.25
  6.76
  5.77
  3.36
  6.74
  3.32
  5.40
  7.00
  4.03
  7.80
  6.47
  8.19
  7.17
  6.45
  7.42
  7.46
  7.00
  4.57
  5.50
 16.47
  7.12
  6.68
  6.80
  7.42
  8.21
  7.04
  5.93
  4.75
  6.45
  6.59
  6.96
  6.27
  6.84
 17.51
  6.14
  7.14
  2.23
  6.34
  3.06
  2.03
  7.31
  7.89
  8.11
  7.57
  4.95
  6.51
  7.89
  6.38
  4.20
