Measured Diameters
  7.34
  5.58
  6.84
  7.12
  7.90
  6.16
  6.49
  9.70
 11.69
 11.49
  4.95
  3.23
  7.67
  7.46
  4.75
  9.41
  7.64
  5.35
  2.73
  5.84
  6.47
  5.82
 12.89
  8.29
  5.77
  6.66
  5.82
  6.55
  8.19
  6.94
  2.52
  6.78
  6.10
  5.89
  8.09
  6.03
  7.42
  7.51
  6.27
  5.38
  5.98
  3.78
  8.28
  6.45
  6.57
  2.10
  6.57
  7.17
  9.47
  6.49
  7.82
  2.46
  2.62
  6.21
  7.00
  7.23
  2.10
 10.10
  4.98
  3.06
  2.97
  7.08
  6.07
  6.23
  3.40
  6.59
  5.63
 12.08
  7.25
  6.57
  2.40
  6.42
  2.57
  3.36
  7.49
  3.40
  5.55
  2.92
  7.38
  5.93
  8.65
  6.66
  4.51
  8.57
  2.29
  8.43
  5.77
  7.90
  3.01
  6.55
  2.52
  3.63
  6.76
  8.19
  6.18
  2.78
  5.00
  8.99
  6.25
  8.65
  5.84
  5.45
  5.14
  4.45
 12.27
  8.11
  7.58
  6.68
  7.97
  4.78
  6.70
  5.84
  6.45
  5.09
  7.76
