Measured Diameters
  7.47
 13.75
  5.17
  5.03
 10.94
  4.03
  3.10
 11.97
  4.84
  3.78
  3.01
  4.81
  5.77
 13.68
  2.35
  6.10
  4.42
  9.06
  2.78
  4.63
  6.10
  9.16
 10.01
 14.25
  5.60
  9.64
  5.75
  9.63
  2.10
  3.67
  6.16
  3.93
  2.82
  2.57
  4.20
  7.17
  3.71
  3.23
 11.03
  3.40
  3.01
  7.08
 10.74
  5.14
 10.73
  3.63
 10.43
  4.42
  6.70
  5.87
  6.59
  6.25
 20.54
  6.05
  4.00
  8.65
  8.59
 12.58
  2.46
  6.84
  6.64
  6.59
  9.07
  2.62
  2.52
  6.34
  5.93
 11.12
  5.17
  3.56
  7.00
 17.67
 17.21
  4.39
  9.46
  7.66
  5.27
 19.68
 11.28
  6.72
  3.63
  9.15
  5.77
  2.92
  7.62
  9.12
  7.66
  8.73
 13.27
  5.77
  3.52
  3.44
  9.10
  2.29
  8.39
 21.17
 12.87
  7.83
 16.45
  6.88
  7.57
 10.43
  7.44
  6.64
  4.86
  8.87
 10.36
 10.80
 10.19
  6.36
  2.46
  8.39
 11.17
  5.63
  7.58
  7.53
 10.58
  8.26
  2.87
  6.10
 13.77
  9.40
  2.78
  9.24
  8.56
 12.13
  9.19
  3.06
  8.64
  6.36
  8.29
  2.35
  5.25
  7.64
  6.25
  5.40
  9.38
  9.88
  2.03
  7.27
  7.75
  3.52
  7.21
  5.60
  3.23
  5.89
  8.18
 11.24
  2.92
  3.32
  7.46
  3.40
