Measured Diameters
  5.43
  5.11
  3.23
  6.59
 10.85
  6.49
  6.14
  2.67
  3.48
  6.88
  6.40
  3.60
  6.72
  7.00
  5.48
  6.66
  6.57
  7.46
 13.86
  6.03
  6.53
  2.10
  6.70
 15.53
  3.48
  7.29
 11.97
  5.60
  8.65
  6.88
  5.87
  7.27
  5.55
  6.70
  6.86
  5.65
  8.52
  6.53
 11.25
 15.44
  2.16
  6.76
  5.77
  3.28
  2.92
  9.74
  5.60
  2.29
  2.62
  3.96
  6.38
  5.75
  6.84
  2.10
  5.48
  7.40
  5.65
  6.00
  9.73
  5.25
  5.82
  5.53
  4.86
  5.96
  5.65
  6.36
  5.96
  3.63
  6.64
  8.49
  3.32
  2.97
  5.63
  6.53
  6.10
  6.16
  6.36
  7.17
  6.68
  4.23
  6.03
  2.78
  6.27
  5.53
  6.29
  7.21
  5.89
  7.36
  3.48
  4.20
  6.66
  6.88
  8.84
  4.86
 11.02
  7.78
  2.35
  4.81
  5.58
  9.43
  2.97
  9.47
  5.53
  6.10
  3.67
  6.51
  6.59
  7.67
  5.67
  2.03
  4.98
  6.14
