Measured Diameters
  7.14
  8.29
  5.77
  2.40
  7.69
  8.24
  4.29
  2.40
  3.15
  8.11
  5.93
  6.45
  6.29
  4.10
  7.66
  6.16
  7.29
  8.18
  6.49
  2.10
  5.70
  4.33
  7.64
  7.66
  3.67
  6.76
  2.03
  6.98
  7.04
  6.96
  6.55
  7.99
  7.87
  8.98
  8.76
  9.25
  3.71
  2.57
 12.98
  5.60
  4.03
  6.92
  6.88
  8.16
  7.38
  5.06
  8.36
  8.46
  7.90
  2.82
  7.66
 15.19
  7.64
  9.19
  8.72
  8.43
  3.36
  2.57
  7.31
  7.89
  3.60
  6.14
  7.14
  8.08
  7.80
  9.38
  2.67
  7.83
 14.83
  8.75
  8.62
  8.39
  5.89
  7.58
  2.97
 11.89
  5.27
  9.18
  9.10
  9.28
  4.00
  9.37
  6.96
  8.41
  6.07
  9.74
  4.00
  8.08
  8.54
  2.52
  7.40
  9.03
  8.67
  8.49
  2.29
  3.56
 12.48
  8.08
  9.07
  8.34
  5.98
 11.19
  8.24
 10.97
 12.00
  6.12
  8.52
  5.65
  7.76
  2.10
 11.12
 10.09
  9.40
  7.34
  2.73
  2.62
  9.01
  7.90
  9.24
  8.44
  8.75
  7.60
  9.64
  9.15
  8.89
  7.12
  9.21
  2.16
  7.67
  8.95
 10.23
  8.76
  3.85
  2.35
  6.86
  2.10
  7.76
  6.49
  8.49
  8.99
  2.62
  4.51
  9.21
  8.64
  2.92
  8.29
  6.86
  6.23
  4.48
