Measured Diameters
  8.60
  6.32
  5.96
 12.52
  7.89
  8.47
  6.05
  8.08
  2.73
  7.71
  4.92
  8.08
  6.59
  9.70
  7.27
  2.92
 10.17
  3.71
  7.27
  2.92
  7.67
  8.81
  5.19
  6.94
  4.00
 10.67
  4.92
  8.28
  4.10
  6.90
  2.62
  6.16
  7.67
  3.32
  8.73
  7.64
  6.38
  5.72
 10.75
  4.95
  5.87
  3.28
  4.06
  7.75
  3.56
  2.16
  7.99
  2.46
  3.78
  2.97
  2.67
  7.17
  5.55
  2.16
  3.48
  7.08
  7.75
  7.67
  7.08
  2.92
  6.80
  6.76
  7.57
  7.29
  7.42
  4.42
  4.29
  6.27
  2.62
  3.01
  7.55
  6.23
 12.28
  5.45
  9.24
  6.03
  5.82
  7.85
  6.82
  4.36
  5.89
  7.42
  6.18
  6.23
  8.57
  5.60
  6.90
  3.60
  6.23
  6.74
  6.90
  7.73
  9.30
  8.39
  7.15
  2.35
  7.21
  6.84
  7.55
  7.08
  5.53
  6.86
  2.23
