Measured Diameters
 17.67
  6.51
  6.07
  7.17
  7.06
 11.94
  5.67
  5.32
  7.66
  5.40
  7.67
  7.89
  6.27
  2.03
  3.96
  5.19
  5.87
  8.73
  7.83
  5.03
  6.23
  7.80
  7.57
  2.97
  5.75
  6.84
  6.78
  4.57
  9.06
  8.24
  6.49
  2.40
 12.68
  7.53
  7.00
  7.27
  2.97
  6.92
  7.00
  8.14
  4.78
  6.34
  7.69
  5.30
  8.39
 10.52
  7.46
  5.55
  4.00
  7.47
  2.97
  8.26
  6.18
  2.35
  6.96
  4.45
  6.40
  7.15
  3.01
  7.21
  9.31
  7.55
  6.45
  6.42
  5.19
 10.93
  3.06
  7.27
  2.40
  6.47
  6.29
  7.17
  5.53
  8.31
  6.92
  8.11
  6.36
  3.52
  8.14
  7.10
  3.67
  6.14
  6.55
  4.78
  5.72
  8.34
  6.00
  6.66
  5.79
  6.18
  7.75
  7.73
  6.84
  6.96
  7.06
  6.49
  7.34
  7.38
  7.94
  6.42
  7.62
  7.76
  7.90
  6.86
 13.29
