Measured Diameters
  8.44
  6.12
  6.98
  6.61
  8.59
  4.54
  8.68
  7.02
  7.80
  5.91
  8.09
  6.90
  9.67
  7.12
  7.15
  4.84
  6.23
  8.95
  4.03
  9.57
  3.82
  5.84
  7.06
  7.49
  7.14
  7.02
 12.41
  7.78
  8.09
  6.49
  2.40
  2.67
  7.76
  8.82
  7.21
  2.23
  7.96
  7.71
  7.97
  2.10
  5.58
  6.34
  7.96
 11.97
  7.60
  6.72
  6.25
  4.84
  2.16
  4.16
  3.36
  7.78
  9.21
  4.23
  6.70
  8.73
  7.23
  9.62
  8.24
  7.21
  7.96
 12.74
  8.16
  8.24
  2.23
  4.78
  6.84
  8.60
  6.03
  7.57
  7.55
  7.80
  5.35
  7.40
  3.15
  8.98
  6.23
  6.76
  8.73
  2.03
  2.10
  7.96
  6.00
  6.82
  6.66
  7.97
  6.53
  6.94
  7.94
  5.17
  7.62
  6.57
  7.25
  2.29
  7.53
  6.98
  2.92
 11.43
  2.62
  3.10
  2.16
  6.27
  7.46
  2.10
  5.45
  7.38
  7.17
  7.76
  9.91
  7.44
  9.01
  9.49
  7.38
  8.65
  7.02
