Measured Diameters
  6.55
  5.48
  5.50
  7.76
  2.35
  6.38
  9.49
  7.12
  7.08
  4.20
  8.08
  6.38
  8.01
  5.38
  8.68
  7.34
  5.65
  7.04
  7.51
  6.68
  5.93
  7.92
  4.13
  2.82
  5.58
  6.78
  3.82
  7.25
  6.25
  2.10
  6.84
  7.55
  5.84
  7.62
  8.82
  5.45
  7.02
  6.29
  7.00
  7.82
  4.06
  7.10
  7.62
  5.38
  4.48
  8.33
  9.74
  6.98
  3.44
  6.55
  6.32
  5.35
  2.67
  3.06
  6.27
  6.84
  5.40
  3.15
  5.91
  9.38
  7.82
  6.47
  6.86
  5.77
 11.24
  4.33
  3.40
  2.03
  5.89
  5.25
  4.86
  8.98
  7.80
  8.13
  2.40
  7.06
  8.26
  6.90
  3.01
  7.33
  6.70
  8.11
  2.87
  5.82
  7.19
  3.19
  2.03
  7.92
  6.76
  4.36
  6.78
  8.99
  6.32
  8.62
  6.51
  6.07
  7.15
  7.06
  3.32
 10.84
  2.57
  7.94
  8.34
  3.96
  2.10
  2.40
  6.92
  5.98
  7.47
  4.48
  3.63
  6.92
  7.64
  2.73
  5.67
  8.62
  5.84
  3.85
  2.46
  6.38
  7.75
  6.40
  2.57
  8.23
  7.19
  6.38
  6.74
  5.25
  9.79
  4.86
