Measured Diameters
  6.47
  7.19
  7.80
  8.79
  7.78
  5.91
  8.26
  7.83
  8.84
  9.30
  7.89
  7.23
 16.40
  6.07
  7.62
  2.40
  8.19
  2.03
  6.21
  7.85
  6.94
 11.28
  9.06
  5.11
  8.38
  8.19
  8.86
  7.99
  9.12
  6.98
  8.16
  7.80
  5.77
  2.29
  7.92
  9.34
  9.53
  7.51
  7.12
  8.54
  4.63
  7.21
  8.76
  9.87
  8.76
  9.37
  7.62
  8.01
  5.14
  2.10
  6.18
  8.33
  8.96
  4.98
  5.22
  7.02
  5.50
  7.87
  4.51
  9.62
 10.14
  9.38
  9.81
  3.28
 12.21
  5.63
  2.10
 11.05
  7.99
  7.53
  8.60
  7.94
  7.19
  6.78
  8.33
  7.23
 10.08
  7.06
  6.05
  8.24
  5.35
  9.49
  7.23
  3.89
  7.53
  8.90
  3.10
  5.27
  6.16
  8.29
  7.46
  6.45
  7.85
  9.03
  3.96
  7.83
  8.46
  4.57
  8.49
  9.27
  7.40
  7.12
  7.99
 10.81
  3.60
  7.27
  9.40
  7.89
  5.60
  8.39
  6.40
  9.74
  8.86
  6.74
  9.34
 11.97
  8.13
  9.37
  6.03
  8.49
  6.14
  4.33
  8.36
