Measured Diameters
  5.98
  2.87
  6.92
  6.27
  5.27
  6.64
  7.92
  3.06
  2.52
  6.32
  3.60
  6.78
  7.67
  8.73
  5.25
  4.20
  4.98
  7.55
  6.88
  5.60
  8.36
  5.98
  6.84
  4.42
  7.71
  9.99
  7.40
 19.83
  4.69
  6.49
  6.40
  3.15
  8.46
  7.19
  3.10
  6.51
  8.72
  7.58
  6.16
  7.53
  2.52
  6.66
  2.10
  3.01
  6.74
  2.52
  3.52
  8.96
  5.84
  6.90
  5.89
  3.85
  6.45
  6.14
  4.57
  6.92
  6.90
  2.46
  2.46
  7.06
