Measured Diameters
 11.95
  2.29
  7.12
  7.08
  3.40
  6.00
  2.03
  9.03
  6.84
  6.53
  5.50
  2.16
  7.31
  5.79
  7.14
  8.93
 11.36
  7.83
  7.00
  4.48
  3.28
  3.10
  6.88
  4.03
  2.40
  9.25
  6.07
  5.93
  8.19
  7.92
  5.22
  7.80
  8.33
  2.46
  3.48
  8.29
  8.67
  8.02
  6.53
 15.61
  7.46
  3.40
 12.01
  7.49
  6.68
 10.06
  3.40
  6.78
  3.28
  8.14
  5.82
  6.49
  8.57
  8.09
  6.42
  2.10
  6.47
  9.28
  5.22
  4.89
  3.28
  8.11
  9.76
  7.12
  7.33
  4.03
  6.68
  6.18
  6.88
  2.10
 10.65
  6.00
  6.34
  8.51
  6.38
 11.53
  7.69
  2.62
  6.72
  7.23
 10.10
  5.98
  7.02
  7.78
  6.34
 14.16
  7.76
  2.29
  5.87
  6.53
  2.97
  8.21
 10.87
  9.60
  7.57
  7.38
  7.78
  6.57
  6.21
  2.03
  6.32
  7.10
  6.94
  6.05
  6.88
  2.16
  6.07
  7.99
  3.82
  4.78
  5.25
  9.53
  2.57
 11.13
  6.78
  6.42
  3.67
  2.10
  6.49
  2.46
  3.67
  2.57
  2.03
  6.18
  8.78
  7.67
  6.88
  4.36
  7.08
  5.58
  6.12
  2.40
