Measured Diameters
  6.64
  9.43
  7.94
  3.82
  7.12
  8.33
  6.92
  9.10
  8.08
  8.52
  2.16
  6.42
  6.18
  5.40
 13.48
  6.34
  6.49
  6.61
  9.35
  7.42
  7.62
  4.00
  7.55
  8.78
  7.08
  8.04
  8.76
  7.00
  7.75
  6.96
  7.96
  8.92
  9.10
  9.66
  9.77
  2.46
  2.40
  8.46
  8.09
  7.85
  4.86
  9.19
  4.89
  7.57
  4.48
  2.82
  5.72
  7.17
  5.58
  7.49
  2.23
  3.44
  8.75
  9.16
  7.90
  9.06
  7.94
  9.19
  2.23
  3.40
  6.59
  9.53
  6.36
  2.03
  8.70
  3.48
  6.98
  9.43
 10.02
  7.58
  2.35
  8.36
  8.36
  3.89
  2.52
  5.17
  8.95
  2.67
  5.72
  7.42
  5.84
  9.86
  2.35
  7.76
  7.14
  3.10
  8.09
  9.62
  3.85
  6.84
  7.64
  8.60
  5.77
  8.26
  6.32
  7.36
  2.78
 10.63
  9.46
  7.44
  9.79
  3.63
  3.93
  2.23
  3.23
  9.22
  5.77
  8.67
  8.57
  7.36
  7.17
  8.38
  7.06
  8.79
  6.74
  7.57
