Measured Diameters
  7.71
  7.17
  6.78
  5.87
  7.40
  6.80
  5.30
  8.38
  6.61
  7.12
  5.89
  5.63
  7.78
  6.78
  3.44
  5.43
  2.46
  6.14
  3.71
  7.90
  7.97
  5.58
  3.63
  6.61
  6.64
  8.59
  6.05
  2.92
  3.71
  6.66
  8.21
  4.98
  7.08
  8.51
  6.16
  6.49
  4.89
  5.43
  6.45
  6.88
  2.73
  5.14
  5.60
  5.09
  6.05
  4.20
  2.40
  2.46
  5.40
  6.25
  6.51
  6.36
  6.47
  5.03
  2.16
  6.32
  2.67
  6.36
  6.00
  2.10
  5.93
  4.95
  2.23
  6.98
  3.96
  5.67
  6.12
  7.47
  2.78
  5.48
  2.82
  6.88
  7.89
  5.22
  5.50
  4.86
  3.23
  3.67
  2.62
  3.28
 10.25
 10.70
  6.80
  6.34
  7.19
  2.29
  4.92
  5.75
  6.10
  7.89
  5.98
  3.56
  6.29
  6.23
  9.62
  7.96
  2.67
  3.60
  3.19
  7.00
  2.67
 12.22
  6.57
  6.07
  7.23
  2.40
  2.16
  3.71
  5.96
  3.01
  7.69
