Measured Diameters
  7.73
  5.82
  5.55
  6.00
  2.29
  7.75
  6.92
  6.76
  3.15
  6.27
  4.92
  7.36
  5.60
  6.64
  7.75
  3.67
  7.58
  5.27
  5.48
  6.64
 12.83
  4.75
  5.82
  7.83
  6.76
  2.78
  7.00
  7.31
  5.35
  5.98
  6.53
  3.28
  7.55
  7.82
  5.79
  8.75
  4.60
  7.42
  6.55
  7.25
  6.94
  7.76
  7.00
  5.22
  5.09
  4.86
  4.86
  7.12
  2.10
  8.04
  4.72
  4.20
  9.27
  6.57
  6.57
  7.83
  5.72
  5.58
  7.38
  5.75
  7.10
  6.76
  6.68
  8.19
  8.64
  7.71
  7.17
 10.12
  4.03
  5.98
  5.45
  7.21
 10.10
  5.25
  7.94
  6.29
  5.27
  2.16
  2.92
  6.70
  8.13
  8.06
  6.12
  6.92
  6.32
  7.87
  3.32
  5.40
  4.72
  6.70
  7.71
  3.60
  3.10
  9.40
  7.85
  2.97
  6.64
  7.10
  3.10
  5.00
  8.38
  6.96
  3.56
  3.96
  4.13
  6.96
  6.64
  6.57
  7.02
  3.52
  5.72
  4.10
  3.56
  6.78
  6.92
  6.47
  5.82
  6.90
  7.42
  5.93
  5.84
  3.52
  5.87
  2.16
  6.27
  4.89
  6.38
  5.75
  7.15
  6.38
  2.97
  8.93
  5.77
  4.98
  9.37
  7.69
