Measured Diameters
  4.42
  6.36
  7.19
  3.67
  8.51
  3.82
  8.13
  7.02
  4.72
  6.90
  6.49
  9.64
  5.63
  9.50
 12.13
  7.55
  8.23
  8.56
  8.06
  7.27
  9.49
  7.19
  7.58
  6.38
  6.59
  6.68
  7.47
  7.00
  7.94
  6.92
  6.61
  5.11
  2.35
  9.43
  5.75
  7.27
  9.28
  7.06
  5.48
  7.19
 10.70
  7.29
  6.82
  5.93
  7.12
  5.79
  6.59
  7.82
  7.21
  9.10
  8.64
  6.80
  4.03
  7.38
  7.49
 12.60
  8.09
  7.33
  6.25
 15.31
  6.74
  3.93
  7.17
  8.08
  6.61
  6.03
  8.14
  6.36
  6.29
  6.57
  7.44
  7.38
  3.71
  7.64
  9.22
  7.73
  6.25
 18.95
  6.36
  7.62
  7.80
  8.23
  5.96
  2.40
  7.08
 14.64
  6.92
  8.31
  2.35
  4.69
  6.49
  7.46
  8.54
  9.83
  6.98
  2.35
  7.53
  7.02
  2.23
  4.13
  2.03
  7.15
  6.78
  8.33
  6.72
