Measured Diameters
  7.40
  7.31
  6.27
  2.29
  8.49
  4.66
  7.69
  2.40
  5.63
  7.46
  8.54
  9.12
  3.44
  2.97
  6.76
  7.27
  2.57
  6.49
  9.56
  6.86
  4.92
  3.36
  5.58
  4.86
  3.15
  6.34
  3.78
  6.61
  9.30
  6.03
  6.84
  6.68
  3.15
  7.66
  6.12
  8.84
  7.36
  7.08
  5.45
  2.46
  7.99
  9.66
 10.24
  5.77
  6.10
  6.51
  7.36
  8.84
  7.04
  2.23
  4.66
  7.21
  7.82
  2.10
  7.04
  6.21
  8.09
  4.66
  2.16
  5.98
  6.51
  5.14
  7.57
  7.38
  7.23
 11.47
  2.82
  6.68
  7.31
  6.55
  6.16
  7.57
  5.19
  3.63
  6.78
  8.33
  7.04
  2.35
 10.54
 10.10
  2.23
  2.40
  3.36
  5.00
  4.48
  7.58
  6.92
  4.75
  7.60
  6.36
  8.24
  6.23
  3.36
  4.42
 16.53
  4.89
  2.40
  6.72
  9.30
  8.89
  4.75
  2.40
  6.12
  6.55
  5.11
  6.74
  2.16
  3.67
  7.02
