Measured Diameters
  9.03
  9.35
 11.03
  6.59
 12.00
  6.45
  6.86
  7.67
  8.62
  2.40
  6.18
  8.41
  8.92
 10.40
  2.46
  7.60
  2.82
 10.16
  2.62
  6.53
  9.72
  6.07
  8.38
  7.38
  7.99
  4.20
 12.03
  8.51
  6.32
  7.66
  7.42
  6.98
  4.84
  8.60
  3.56
  7.82
  6.86
  6.00
  7.06
  4.72
  7.60
  6.66
  5.48
 10.43
  8.11
  8.70
  7.19
  7.19
  9.21
  6.27
  6.34
  6.78
  9.44
  7.97
  4.66
  4.72
  5.96
  8.28
  3.28
 11.78
  2.97
  3.32
  3.40
  2.87
  7.66
  7.38
  9.13
  7.21
  6.55
  8.29
  8.75
  8.49
 10.88
  8.81
  7.78
  5.53
  5.72
  2.57
