Measured Diameters
  5.89
  7.89
  6.94
  7.46
  8.89
  8.51
  8.18
  8.75
 10.10
  9.30
  6.23
  6.80
 13.90
  4.06
  3.01
  8.36
  6.32
 12.87
  9.70
  6.61
  3.44
 11.32
  9.25
  8.21
  9.60
  8.13
  9.19
  7.40
  7.49
  8.47
  8.23
  8.79
  7.57
  9.38
  3.28
  6.03
 10.06
  7.62
  3.28
  7.25
 11.94
  6.55
 12.02
  7.99
  3.56
  2.16
  4.39
  8.51
  5.17
  3.28
 11.26
  8.11
  2.29
  8.47
  8.02
  2.62
  7.44
  4.29
  7.44
  2.23
  9.07
  2.46
 12.95
  8.90
  7.34
 12.32
  8.29
  9.83
  6.76
 10.88
 10.33
  9.34
 15.00
  5.82
 12.13
  2.10
 10.75
  9.34
  2.16
  9.35
 13.43
  9.10
  6.90
  5.43
  2.46
  2.57
  8.09
  4.92
  2.82
  9.18
  8.82
  9.04
 14.36
  2.46
  4.26
  9.12
 15.23
  5.17
  6.21
  2.40
  8.23
  7.14
  7.10
 10.29
  2.29
  9.46
  9.35
  4.26
  8.04
  9.47
  9.30
  9.47
  8.24
 10.32
  8.86
  8.11
  8.39
  2.35
  2.57
  2.46
  8.08
  9.52
  4.63
  3.19
  2.03
 17.86
  7.40
  8.62
  2.23
  7.25
  8.06
  2.73
  9.69
  8.29
