Measured Diameters
 10.80
  4.63
  9.18
  4.29
  6.80
  6.94
  5.65
  3.82
  6.25
  4.06
  6.16
 10.13
 10.06
  9.44
  7.21
  4.92
  3.06
  5.38
  6.74
  7.76
  8.49
  7.89
  8.73
  6.57
  9.56
  9.98
  8.46
  8.41
  8.79
  8.81
  7.69
  6.55
  2.57
  9.18
  6.78
  6.96
 10.92
  4.66
  6.64
  6.00
  6.59
  6.90
  6.53
  5.89
  4.10
  5.40
  2.35
  8.34
 15.90
  5.45
  6.98
  4.72
  6.51
  9.63
  2.62
  7.82
  5.67
  6.34
  8.68
  2.40
  3.32
  6.92
  3.01
 14.01
  3.19
  5.67
  7.00
  5.82
  7.66
  8.24
 10.71
 10.19
  6.70
  6.98
  3.89
  7.87
  6.70
  2.57
  8.19
  6.98
  6.84
  2.29
  7.82
 11.97
 13.91
  7.53
  5.45
  6.16
 11.00
  7.25
  6.25
  6.47
  8.79
  4.06
  4.36
  2.97
  6.64
  2.03
  7.99
  5.67
  4.51
  6.18
  5.60
  5.65
  7.44
 13.42
  9.52
  2.52
  3.06
  3.32
  7.40
  4.36
  6.16
  5.89
  6.05
  6.51
  2.78
  7.08
  3.01
  8.76
  4.29
