Measured Diameters
  7.15
  7.02
  4.51
  7.87
  6.86
  6.51
 12.79
  6.29
  6.18
  5.35
  6.21
 10.40
  7.83
  6.74
  3.44
  8.81
  7.00
  6.64
  7.78
  2.78
  3.89
  7.82
  7.99
  5.30
  7.49
  2.03
  2.23
  3.06
  6.29
  2.57
  5.96
  7.75
  8.46
  8.60
  9.90
  3.06
  4.39
  6.76
  5.55
  4.10
  7.82
  8.84
  2.16
  6.82
  4.42
  7.34
  7.10
  4.48
  3.10
 10.36
  2.97
  7.90
  8.39
 13.62
  2.10
  2.62
  7.06
  2.78
 12.89
  8.41
  7.02
 16.32
  8.08
  6.84
  7.78
  5.32
  6.72
  2.03
  7.31
  2.52
  3.67
  6.82
  6.82
  8.18
  9.81
  6.16
  7.80
  2.10
  2.35
  7.94
  2.35
  6.74
  2.87
  2.87
  7.64
  6.66
  6.64
  2.73
  7.92
  8.14
  6.49
  8.33
  8.39
  7.19
  7.47
  5.50
  2.57
  6.21
  5.00
  2.03
  6.00
  2.29
  8.31
  6.05
  9.54
  7.55
  5.40
  7.69
  8.43
  8.49
  3.01
 11.56
  9.84
  4.26
  4.51
  6.90
  7.12
  8.62
  7.17
  2.78
  2.03
  8.16
  7.90
  3.82
  6.32
  9.13
  2.35
  7.04
  2.23
  3.23
  3.75
  7.40
  6.76
  6.88
  2.87
  4.51
  5.65
  7.47
  9.47
  5.48
  6.53
  2.82
