Measured Diameters
  7.69
  3.82
  8.34
  4.75
  8.19
  4.72
  7.21
  8.93
  8.81
  3.06
  8.72
  7.10
  6.72
 19.37
 10.44
  7.58
  9.69
  3.36
  5.09
 10.14
  7.58
  6.70
  5.14
  6.61
  3.15
  9.59
  3.01
  8.41
  2.62
  7.58
  2.92
  5.50
  3.75
 10.20
  5.17
  8.60
  7.57
  6.14
 10.09
  7.60
  8.75
  2.97
  5.45
  8.44
 12.25
  8.54
  4.23
  8.08
  7.87
  4.75
  6.92
  6.42
  8.73
  5.14
  2.87
  8.99
  8.19
  5.63
  8.49
  8.81
  6.51
  7.44
 12.46
  7.51
  2.97
  5.89
  2.16
  2.73
  8.01
  8.28
  8.68
 10.85
  8.23
  8.82
  7.38
  3.19
  7.76
  3.71
  8.23
  7.67
  2.57
  2.40
  4.06
  4.03
  2.29
  5.84
  7.44
  8.31
  6.98
  2.16
  7.46
  8.39
  2.46
  7.34
  5.70
  6.53
  3.10
  7.40
  3.48
  6.98
  7.12
  2.78
  4.78
  9.40
  5.22
  7.31
  5.98
  7.42
  7.73
  3.89
  8.06
  2.35
 10.58
  7.76
  6.59
 10.92
  8.44
 11.34
  9.53
  2.03
  7.17
  7.64
  9.81
  9.28
  5.91
 11.37
  7.62
  7.67
  9.22
  3.48
  7.78
  8.34
  6.45
  8.92
  3.52
  8.09
  7.25
  7.90
  4.13
  8.49
  2.67
  7.12
  3.52
  8.90
  5.98
  8.24
  4.89
