Measured Diameters
 11.68
  4.72
  7.15
  7.51
  5.03
  7.38
  6.51
  2.03
  2.97
  3.60
  6.32
  8.19
  6.23
  6.84
  3.75
  7.42
  7.55
 10.48
  7.75
  2.16
  6.98
  9.63
  7.38
  7.82
  5.65
  6.96
  2.87
  8.78
  7.08
  6.72
  3.28
  7.62
  2.10
  3.52
  5.53
  7.97
  7.62
  9.38
  7.83
  6.94
  8.14
  2.29
  9.99
  7.19
  2.62
  7.38
  8.36
 10.71
  7.49
  3.01
  8.26
  6.55
  3.67
  8.54
  6.59
  2.46
  6.03
  2.10
  8.79
  5.43
  2.03
  9.86
  7.94
  2.23
  3.60
  6.92
 10.31
  6.18
  7.00
  4.63
  9.28
  7.08
  7.80
  7.83
  6.29
  7.69
  7.99
  5.53
 12.67
  7.08
  8.39
  6.78
  8.06
  7.31
  7.25
  7.06
 12.45
  6.82
  8.72
  7.02
  9.25
  6.68
  5.19
  5.22
  2.46
  7.29
  6.00
  5.89
  5.43
  7.29
  3.71
  3.48
  7.29
  7.06
  7.42
  4.57
  3.93
  6.21
  7.83
  3.93
  6.72
  4.10
  2.78
  6.84
  6.80
  7.19
  6.21
  9.73
  4.69
  4.20
  6.07
