Measured Diameters
  6.07
  6.49
  6.32
  6.21
  7.10
  4.81
  2.78
  7.80
  7.57
  7.12
  6.82
  6.45
  4.78
  3.63
  6.68
  4.69
  7.25
  6.00
  6.90
  6.90
  6.03
  2.92
  6.03
  5.72
  5.55
 10.37
  2.57
  6.00
  2.46
  6.88
  6.80
  6.42
  3.63
  6.36
  5.67
  7.21
 10.02
  5.65
  2.40
 11.64
  8.11
  6.36
  6.16
  9.44
  5.22
  7.10
  6.21
  2.52
  4.54
  6.00
  5.48
  2.29
  2.16
  7.87
  3.40
 10.74
  7.69
  9.24
  6.88
  4.78
  3.28
  5.98
  2.78
  3.28
  6.64
  4.75
  5.96
  6.07
  4.66
  4.03
  5.48
  6.96
  6.72
  7.06
  3.15
  6.16
  5.11
  4.45
  6.66
  6.49
  6.49
  7.17
  6.42
  2.92
 10.37
  3.10
  6.64
  5.60
  6.10
  5.30
  5.98
  9.41
  5.89
  7.31
  6.16
 10.09
  7.34
  2.62
  6.47
  8.73
  3.89
  3.19
