Measured Diameters
  8.49
  5.00
  2.67
  7.34
  6.12
  4.86
  7.15
  6.53
  3.63
  7.12
  5.38
  3.89
  6.74
  2.46
  3.71
  7.04
  7.38
  8.11
  6.61
  5.43
  3.36
  7.85
  7.25
  3.71
  2.62
  6.12
  6.76
  7.51
  2.16
  3.15
  2.40
  3.71
  7.12
  3.71
  6.34
  6.21
  7.87
  6.86
  4.16
  2.67
  8.76
  7.36
  4.20
  7.21
  9.13
  6.68
  7.97
  6.55
  3.60
  6.80
  7.12
  3.63
  2.10
  5.70
  2.57
  7.57
  7.53
  5.65
  4.89
  6.66
  5.89
  6.82
  8.89
  2.03
  2.29
  8.36
  3.06
  6.36
  6.78
