Measured Diameters
  7.78
  7.42
  7.55
  7.19
  2.16
  9.10
 10.84
  7.38
  6.25
  8.96
  7.83
  2.62
  3.75
 12.40
 11.10
  7.21
  6.38
  9.70
  8.29
  2.23
  7.66
  8.84
  2.23
  7.80
  8.49
  8.73
  2.35
  8.13
  3.93
  6.45
  6.14
 16.29
 23.00
  7.96
  2.52
 13.11
  3.19
  8.98
  7.47
  3.60
  2.52
  7.49
  7.87
  7.67
  5.53
  6.98
  9.24
  3.15
  6.94
  8.16
  2.16
  4.69
  7.42
  6.47
  8.81
  7.78
  8.49
  2.67
  4.75
  8.41
  8.31
  7.64
  5.53
  2.62
  6.00
  8.19
  8.28
  7.33
  8.78
  3.36
  7.36
  2.40
  7.38
  8.09
  9.56
  6.32
  8.98
  6.90
  8.01
  6.49
  8.86
  8.33
  9.30
  7.83
  6.05
  6.14
  6.34
  6.36
  9.30
  5.98
  5.79
  3.32
 10.66
  4.95
  6.80
  6.96
  4.36
  6.00
  8.70
  7.66
 11.49
  2.40
  7.29
  4.60
  7.40
  8.11
  2.29
  3.15
  6.18
  9.90
  8.02
  8.90
  2.35
 11.30
  5.35
  6.32
  5.30
  7.00
  7.33
  4.48
  2.73
  5.65
  8.36
  3.19
  4.60
