Measured Diameters
  8.09
  8.95
  2.40
  5.50
  2.35
  6.64
  4.10
  9.30
  9.28
  9.49
  3.56
  8.02
  5.72
  7.12
  3.75
  5.82
  7.42
  2.57
  3.48
  4.89
  6.38
  7.08
  5.91
  7.69
  8.60
  7.00
  8.75
  3.19
  2.57
 10.83
  2.35
  3.01
  8.87
  7.71
  6.82
  6.96
  2.62
  6.88
  8.98
  7.97
  8.18
  8.56
  8.47
  4.51
  2.62
  4.45
  2.03
  8.54
  7.51
 11.52
  2.29
  3.40
  7.46
  7.82
  2.78
  8.09
  6.00
 10.76
  8.34
  6.96
  4.03
  7.97
  7.58
  7.33
  7.89
 11.02
  4.33
  5.67
  2.52
  3.28
  6.74
  2.78
  3.06
  8.59
  9.27
  8.16
  2.97
  8.70
  8.90
  7.62
  8.19
  2.03
  2.35
  7.10
  5.19
  8.04
  3.19
  2.40
  7.80
  7.75
  6.90
  7.85
  2.40
  2.35
  4.95
 10.25
  6.34
  7.36
  7.57
  7.33
 10.02
 10.79
  7.04
  6.42
  6.66
  6.34
  5.19
  6.86
  8.18
  2.03
  3.06
  5.45
  6.78
 16.26
  5.84
 11.46
  4.54
  4.98
  6.84
  5.96
  2.40
  6.68
  2.46
  8.46
  3.10
  6.74
  5.72
  6.76
  2.73
  2.73
  2.92
  2.92
  3.78
 10.06
  7.67
