Measured Diameters
  3.19
  7.83
  5.48
  4.16
  7.60
  7.78
  7.99
  5.67
 11.61
  9.49
  7.44
  6.18
 14.83
  7.49
  8.95
  8.98
  4.26
  7.66
  7.38
  4.98
  7.40
  2.52
  5.84
  6.94
  7.80
  6.98
  8.89
 14.82
 10.98
  6.36
  3.82
  8.38
  9.03
 10.56
  6.70
  8.08
  3.93
  6.21
  8.67
 10.28
  8.84
  3.28
  8.54
  6.32
  8.19
  7.89
  9.77
  7.44
  5.70
  6.32
  7.60
  8.82
  5.98
 12.74
  7.78
  7.58
  5.38
  6.82
  8.76
  4.33
  8.47
  6.53
  7.04
  8.28
  7.25
  6.80
  6.74
  8.09
 14.03
  8.56
  2.97
  8.70
  8.02
  7.12
  2.78
  7.21
  8.47
  7.14
  7.94
  6.36
  3.82
  8.95
  8.09
  6.51
  4.29
  7.85
  9.38
  6.64
  8.09
  8.95
  6.59
  9.31
 10.70
  8.81
  5.53
  8.33
 13.17
  5.93
  9.84
  7.44
  4.33
  8.49
  6.66
  8.23
  6.42
  6.00
  8.28
  7.12
  9.19
  7.53
  3.96
  8.38
  6.78
  3.63
  8.60
  6.59
  3.06
  6.10
  8.76
  8.81
  4.57
  7.04
