Measured Diameters
  7.21
  5.14
  7.42
  8.19
  6.42
  6.68
  7.75
  5.48
  6.88
  6.76
  5.91
  4.98
  6.76
  2.57
  6.74
  6.21
  4.20
  4.10
  7.87
  5.19
  6.29
  7.66
  6.76
 10.27
  2.82
  5.96
  6.16
  5.06
  8.52
  6.21
  2.97
  8.65
  3.82
  6.59
  9.09
  7.29
  8.99
  6.78
  5.93
  4.36
  2.78
  5.25
  8.14
  6.80
  2.67
  7.31
  6.40
  6.38
  5.63
  6.21
  7.92
  7.99
  5.35
  6.12
  6.68
  6.18
  6.57
  5.58
  6.72
  4.33
  6.76
  4.72
  8.13
  7.08
