Measured Diameters
  3.32
  7.57
  6.45
  2.62
  7.62
  6.82
  8.82
  7.47
  5.75
 10.09
  3.40
  8.52
  4.29
  8.52
  5.65
  8.28
  5.89
  2.16
  2.57
  7.21
  2.82
  6.92
  7.85
  3.67
  5.93
  7.62
 11.02
  2.16
  7.23
  2.52
  8.21
  7.27
  6.74
  6.32
  2.73
 15.04
  3.48
  8.16
  5.32
  6.12
  2.29
  5.40
  3.19
  8.19
 11.07
  6.82
  7.80
  7.12
  6.47
 13.94
  2.29
  5.25
  7.15
  3.93
  7.29
  7.55
  8.33
  8.62
  3.96
  3.48
  7.34
 11.31
  6.78
  5.09
  5.82
  6.55
  3.71
  4.42
  7.21
  6.03
  8.67
  5.50
  5.60
  3.78
  5.65
  6.25
  6.36
  6.49
  2.46
  8.06
  5.79
  8.96
  3.52
  3.32
  8.56
  7.15
  6.05
  7.58
  5.40
  4.42
  8.04
  7.40
  3.52
  3.10
  5.50
  2.16
  6.92
  7.02
  5.03
  6.47
  5.82
  2.87
  2.62
  8.19
  4.60
  6.94
  8.43
  5.06
  8.19
  3.36
  2.82
