Measured Diameters
  9.47
  5.17
  3.71
  6.96
  7.12
  5.87
  6.94
 10.76
  7.06
  2.67
  4.03
  7.36
  6.49
  3.01
  6.80
  6.82
  4.42
  2.03
  6.27
  7.12
  4.00
  3.75
  6.29
  5.00
  7.34
  5.77
  8.86
  8.38
  7.44
 10.45
  7.78
  2.73
  2.87
  4.81
  7.36
  7.67
  7.67
  2.67
  6.10
  5.93
  7.38
  7.19
 17.08
  2.97
  5.84
  6.29
  6.66
  7.40
  5.91
  5.65
  5.25
  3.67
  7.82
  5.87
  2.67
  5.45
  2.73
  3.23
  7.92
  3.10
  2.29
  7.69
  3.85
  6.68
  2.03
 10.24
  7.76
  6.94
  2.78
  3.40
  5.84
  7.57
  6.14
  5.93
  6.51
  2.82
  6.68
  9.60
  5.75
  3.60
  6.29
  8.68
  4.20
 11.53
  7.85
  5.77
  2.67
  6.23
  6.18
  9.79
  9.63
  2.23
  7.51
  3.63
  2.92
  6.76
  7.06
  7.29
  2.23
  3.48
  8.28
  3.78
  5.96
  6.80
  5.38
  7.69
  6.25
  6.94
  6.34
  4.45
  7.19
  7.83
  7.21
  3.44
  7.14
  2.73
  7.19
  8.72
  6.49
  5.48
  8.31
  5.00
  7.57
  2.16
  3.67
  9.41
