Measured Diameters
  5.84
  6.72
 10.13
  6.68
  6.61
  6.78
  8.92
  4.84
  9.06
  4.29
  6.88
 13.07
  4.06
  5.43
  3.63
  4.63
  5.17
  8.86
  6.47
  5.63
  5.53
  4.13
  8.08
  5.65
  2.29
  3.48
  9.37
  5.91
  7.83
  7.60
  4.69
  4.51
  7.04
  7.69
  6.55
  2.10
  5.67
  6.34
  4.95
 10.60
  6.66
 14.10
  4.20
  6.38
  6.07
  6.86
  3.96
  2.10
  2.10
  7.25
  2.03
  2.10
  3.10
  6.18
  6.59
  2.40
  6.12
  2.35
  4.69
  7.15
  2.03
  8.76
  3.36
  5.84
  6.66
  4.66
  6.78
  9.87
  6.96
  2.52
  8.57
  6.38
  3.75
  8.52
  7.06
  4.78
  5.58
  3.19
  3.96
  5.87
  6.70
  6.03
  6.42
  2.62
  4.98
  3.40
  5.19
  6.32
  2.46
  6.32
  5.67
  7.64
  6.59
  3.32
  5.32
  6.57
  6.18
  6.07
  6.84
  5.72
  6.42
  6.68
  7.04
  7.78
