Measured Diameters
  2.46
  7.23
  5.11
  8.18
  2.87
  8.72
  4.23
  5.75
  7.69
  2.78
  7.46
  9.16
  8.79
  9.44
  5.58
  8.57
  8.96
  8.64
  2.10
  2.10
  9.72
  8.39
  4.20
  7.06
  2.92
 13.13
  8.39
 11.14
  6.57
  4.20
 13.28
 12.02
  7.42
  6.92
  8.09
  9.41
 10.14
  7.23
  7.80
  7.67
  3.60
  5.53
  9.95
  9.91
  2.23
  4.13
 11.35
 10.70
 19.57
  5.98
  6.88
  4.84
  7.23
  7.60
 11.60
  5.70
  6.88
 10.02
  7.66
  6.66
  5.70
 16.88
  8.49
  4.33
  7.17
 12.12
  8.79
  4.54
  7.12
 12.71
  2.57
  2.67
  6.84
  6.68
  8.39
  5.79
  9.35
  8.84
  6.14
  7.67
  7.90
  5.09
  4.06
  4.84
  8.72
  8.92
  8.67
  6.38
  8.95
  2.52
  2.57
  6.70
  9.47
  8.23
  4.89
  8.43
 11.69
  8.06
  3.32
  6.53
  5.77
  7.04
  4.51
  2.73
  5.63
