Measured Diameters
  3.32
  2.97
  9.16
  7.12
  7.90
  8.31
  8.02
  8.26
  6.29
  8.14
  7.97
  5.67
  8.86
  7.69
  9.12
 16.19
  2.92
  6.66
  8.19
  2.29
  7.10
 11.38
  9.21
  7.36
  3.36
  6.64
  3.06
  8.38
  2.62
  9.30
 12.57
  8.54
  6.05
  7.46
  9.46
 15.23
  9.06
  6.74
  9.49
  8.44
 10.70
  8.33
  9.19
  6.57
  8.70
  5.70
 11.99
  6.74
  8.57
  8.67
  8.06
  7.36
  6.18
  2.73
  8.49
 17.96
  8.59
  7.14
  4.26
  4.16
  6.14
  9.25
 10.27
  8.34
  2.23
  6.66
  8.39
  7.19
  8.86
 11.34
  7.49
  9.49
  9.50
  8.23
  8.99
  9.21
  9.38
  8.14
  4.06
  4.20
  8.43
  8.34
 10.08
  7.67
  6.61
  5.17
  4.10
  5.67
  6.32
  7.53
  4.51
  6.68
  6.55
  6.76
  6.98
  5.06
 11.08
 13.32
  8.43
  3.36
  4.03
  7.83
  3.82
  5.70
  3.75
  2.16
  5.43
  6.90
  7.66
  6.53
 10.35
  6.92
  9.52
  7.87
  6.82
  6.86
  7.85
  7.89
 10.01
  8.57
  5.22
  6.49
  9.64
  7.15
  6.96
  6.68
  7.55
  7.87
  8.57
  3.78
  2.35
