Measured Diameters
  8.06
  6.72
  4.95
  9.64
 10.12
  9.13
  7.99
  7.92
  7.71
  6.51
  7.60
  7.75
  5.60
  2.29
  8.02
  3.67
  7.06
  5.96
 10.29
  2.67
  2.29
  2.40
  2.03
  5.00
  7.66
  6.47
  5.03
  7.46
 10.04
  8.04
  7.36
  7.67
 16.75
 12.67
  3.75
  7.15
  6.80
  7.92
  8.02
  4.51
  7.94
  6.12
  7.82
 15.49
  8.54
  8.23
  6.64
  7.02
  5.60
  4.29
  7.94
  3.40
  7.42
  8.99
  6.92
  8.54
  7.00
  8.62
  6.82
  8.44
  8.86
 13.22
  8.46
  7.51
  7.82
  9.79
  6.53
  7.80
  8.46
  8.87
  5.98
 10.20
  8.72
  8.70
  9.43
  3.82
 19.56
 13.02
  7.04
  3.60
  5.75
  9.77
  6.90
  7.27
  9.62
  3.71
  2.46
  5.17
 13.89
  2.92
  2.03
 10.94
  6.86
  5.53
  2.03
  3.06
  8.72
  7.47
  4.63
