Measured Diameters
 11.68
  6.92
  7.40
  7.38
  8.73
  3.40
  7.29
  6.14
  3.52
  2.62
  7.94
  3.85
  7.89
  5.60
  7.55
  2.73
  8.92
  6.40
  8.68
  7.60
  2.67
  2.03
  6.18
  7.38
  7.57
  4.60
  4.60
  7.14
  6.88
  6.76
  7.02
  4.72
  8.93
  2.03
  8.68
  6.32
  5.89
 10.58
  8.09
  6.51
  7.34
  7.27
 10.05
  2.73
  8.01
  7.34
  6.51
  7.66
  9.62
  2.03
  9.01
  6.88
  9.27
  3.52
  6.90
  2.23
  4.78
  9.67
  8.14
  8.87
  7.62
  8.64
 10.79
  6.84
  6.10
  6.74
  6.76
  3.19
