Measured Diameters
  8.01
 12.17
  2.57
  8.06
  2.62
  9.79
  8.02
  7.55
  5.96
  6.12
  6.07
  7.47
  8.26
  9.33
  9.63
  4.06
  3.44
  2.62
  3.28
  6.51
  5.67
  8.64
  2.23
  6.10
 10.63
  4.60
  2.46
  4.23
  8.76
 10.21
  4.36
  8.57
  6.84
  3.78
  2.16
  9.18
  3.40
  7.36
  4.69
  9.06
  9.07
  5.84
  4.20
  8.68
  5.60
  3.19
  9.91
  9.18
  2.52
 12.08
  3.01
  7.15
  9.12
  7.66
  7.44
  4.57
  8.78
  2.78
  5.09
  6.78
  5.77
  5.09
  8.95
 13.61
  7.04
  8.90
  6.59
  2.52
  9.19
  6.55
  8.19
  3.63
  2.03
  6.64
  5.91
  8.11
  6.05
 10.74
  5.06
  6.68
 11.72
 11.48
  9.63
  8.24
 10.83
  6.14
  6.68
  7.46
  5.09
  4.03
  5.63
  6.36
  6.00
