Measured Diameters
  6.47
 10.35
  9.46
 12.68
  7.92
  7.80
  6.25
  7.85
  8.38
  6.49
  7.21
  4.13
 10.88
  3.15
  2.23
  7.14
  7.31
  8.73
  4.23
 11.13
  2.78
  7.40
  8.34
  9.43
  8.36
  2.78
  3.67
  7.47
  6.40
  9.25
  6.80
  7.99
  7.60
  8.39
  9.25
  4.98
  3.06
  7.38
  5.11
  8.56
  5.79
  7.94
  5.03
 10.37
  9.62
 11.59
  7.42
 11.81
 14.64
  7.33
  6.70
  3.06
  3.93
  7.17
  2.29
  2.40
  5.65
  5.84
  5.65
  6.96
  2.10
 12.13
  7.94
  7.71
  3.48
 17.86
  6.27
  4.33
  4.42
  6.53
  7.49
  3.40
  6.51
  6.86
  8.99
  8.41
  7.73
  7.51
  3.15
  7.67
  2.40
  7.90
  7.38
  8.14
  6.07
  6.21
  6.68
 11.20
  9.06
 10.17
  7.27
  3.40
  7.21
  7.29
  6.94
  2.46
  7.40
  5.43
  4.69
  7.92
  8.18
  6.12
  3.06
  4.69
  9.69
  4.06
  7.27
  6.25
  2.78
  8.02
  9.15
  8.01
  8.72
  7.67
  5.60
  7.15
 10.50
  7.42
  7.97
  5.06
  2.67
  8.44
  4.33
  7.33
  5.38
  3.10
  8.92
  6.96
 13.86
  8.34
  2.23
  2.35
  2.52
  8.02
 14.32
  2.82
  7.46
  7.15
