Measured Diameters
  4.66
  3.23
 10.62
  4.06
  9.01
 10.54
  8.78
  2.10
 10.99
  3.32
  2.92
 12.67
  3.15
  9.19
  2.92
  8.75
  9.62
  3.52
  5.22
  6.10
  6.70
  7.04
 10.06
  7.38
  9.50
  9.90
  3.15
 11.12
  7.80
  9.54
 12.87
  7.94
  8.81
  8.33
 11.35
  4.03
 13.67
  2.97
  5.45
  8.49
  2.97
 11.51
  3.60
  6.25
  2.35
 10.67
  9.27
 11.17
  8.73
  4.75
 10.50
 12.63
 10.65
  2.62
  8.38
  9.01
  6.10
  8.68
  9.33
  4.66
