Measured Diameters
 10.52
  8.76
  3.78
  2.87
 10.53
 10.56
  7.96
  8.02
  7.55
  4.89
  6.84
  7.67
  5.30
  4.54
  4.54
  6.42
  4.54
  2.16
  4.60
  8.23
  4.20
  5.96
  6.76
  2.57
  6.96
  6.29
  5.50
  7.90
  6.36
  6.55
  6.12
  7.75
  3.93
  6.90
  9.70
  3.32
 11.67
  2.52
  5.19
  6.88
  7.71
  2.16
  8.09
  6.45
  7.42
  2.40
  9.50
  7.04
  2.29
  7.06
  6.82
  3.60
  6.03
  5.87
  3.60
  7.42
  6.32
  7.08
  7.00
  4.92
  7.19
  6.59
  3.15
  8.29
  2.87
  9.98
  9.41
  2.35
  6.82
  5.89
  6.90
  8.56
  8.51
  2.73
  7.15
  3.01
  6.57
  8.16
  8.64
  6.64
  6.92
  7.15
  9.06
  3.71
  5.70
  6.34
  7.53
  2.97
  6.70
  3.48
 11.52
  8.51
  7.80
  2.10
  7.14
  4.66
  7.53
  3.36
  3.23
  3.60
  5.58
  9.31
  2.73
  4.42
  2.46
  6.78
  8.56
  6.10
  6.82
  3.44
  7.49
  7.92
  3.23
  6.94
  6.70
  7.80
 10.09
  4.26
  6.59
  2.78
  6.42
  3.44
  5.43
  2.46
  9.69
  3.71
  5.96
  4.86
  2.92
  2.10
  9.33
  7.12
 13.62
  6.18
  6.47
  9.21
