Measured Diameters
  2.40
  5.87
  7.58
  2.10
 10.94
  8.62
  3.36
  7.36
  7.21
  3.28
  4.86
  9.47
  5.82
  2.16
  7.08
  6.92
  6.92
  6.64
  6.68
  3.75
  5.91
  3.06
  6.76
  7.15
  6.84
  6.18
  4.16
  6.76
  7.62
  2.52
  5.22
  8.26
  5.55
  6.47
  4.75
  2.35
  7.38
  8.72
  4.81
  8.92
  7.47
  7.08
  7.34
  5.53
  5.14
 11.35
  3.44
  8.16
  4.78
  7.69
  5.40
  4.63
  2.57
  5.25
  2.35
 11.28
  4.51
  7.49
  9.97
  7.08
  8.51
  7.82
  6.21
  2.29
  8.64
  6.10
  8.79
  2.52
  5.09
  8.19
  4.86
  4.86
  6.51
  3.78
  3.32
  7.29
  5.09
  4.89
  2.23
 12.49
  4.48
  7.47
  7.60
  7.42
  2.82
  8.19
 10.25
  7.00
 11.47
  2.82
 10.52
 11.79
  7.58
  7.34
  2.46
  3.96
  7.49
  8.57
 10.37
  7.19
  7.78
  8.41
  9.59
  4.20
  6.84
  7.33
  3.78
  6.64
  7.02
  8.64
  7.90
 11.38
  3.60
  2.46
  6.68
 10.31
  9.97
  8.47
 11.29
  7.89
  8.23
  5.03
  5.22
 10.48
  8.44
