Measured Diameters
  8.21
  7.17
  4.54
  7.75
  8.24
  5.09
  8.72
  5.84
  9.25
  2.10
  7.47
  7.10
  7.73
  4.63
  3.15
  9.56
  7.21
  8.21
  6.76
 11.94
 10.45
  5.89
  4.81
  8.39
  7.31
 10.47
  7.76
  3.67
  8.95
  8.89
  6.10
  7.69
  6.05
  7.60
  6.00
  8.26
  6.23
  5.22
  7.75
  7.08
  7.21
  2.78
  6.34
  8.09
  5.63
  2.46
  6.72
  7.17
  6.78
  8.01
  9.12
  6.53
  8.28
  7.62
 10.88
  7.76
  6.98
  9.13
  8.93
  8.26
  9.03
 10.71
  7.49
 12.85
  7.71
  2.62
  2.29
  7.23
  7.71
 11.07
  6.88
  8.11
  8.51
  5.22
  7.66
  7.33
  6.70
  7.96
  5.87
  6.05
 10.44
  2.23
  6.21
  3.23
  2.03
  5.60
  8.64
  6.27
  6.84
  7.87
  9.25
  6.86
 10.73
  7.64
  5.93
  7.47
  6.45
  4.72
  7.17
  7.67
  5.17
  4.20
 10.54
  8.01
 10.54
  5.35
  7.53
  7.17
  4.98
 10.81
  5.17
  6.16
  7.21
  9.77
  7.62
  7.25
  3.36
  5.60
  4.89
  4.20
  7.06
  3.28
  8.57
  8.36
  8.02
  8.59
  6.51
  7.46
  6.14
