Measured Diameters
  8.93
  2.35
  5.11
  2.35
  8.68
  7.90
  8.04
  9.93
 10.12
  2.03
  2.29
  9.34
  9.63
  6.59
  9.18
  5.50
  9.86
 11.49
  9.84
  8.33
  7.60
  7.51
  4.84
  3.36
  3.06
 10.81
 12.68
 10.89
  7.46
  3.78
  8.86
  8.72
  7.97
  6.29
  8.84
  8.73
  7.12
  7.96
  7.38
  8.95
  3.10
  2.16
 10.04
  9.63
  7.12
  3.15
  7.96
  7.78
  9.21
  4.98
  8.18
  8.98
 11.74
 10.01
  2.10
  8.01
  9.19
  6.57
  8.56
  4.10
  4.13
  7.90
  2.57
  7.29
  8.68
  9.09
  3.23
  2.62
  9.93
  5.79
  4.23
  8.36
  5.63
  3.93
  7.87
  3.75
  9.03
  7.97
  2.52
  8.56
  8.31
  9.59
  4.86
  7.04
  7.12
 10.29
  9.38
  6.80
  6.70
  2.52
  6.80
  7.82
  8.24
  6.76
  4.66
  7.75
  9.60
  2.29
  2.57
  3.85
  7.17
 12.42
  3.89
  7.94
  5.43
  9.24
  9.22
  7.46
  9.59
  7.36
  6.74
  3.15
  8.11
  8.29
  8.41
  2.10
  8.43
 10.13
 12.22
  5.00
  9.30
  6.94
  3.19
  7.60
  9.22
  9.37
  8.49
  2.16
  6.51
  3.85
  2.73
  7.69
  9.21
  8.98
  8.65
  4.48
  7.82
  5.06
  2.35
