Measured Diameters
  3.78
  5.77
  6.53
  2.62
  3.19
  5.75
  2.35
  4.13
  6.55
  9.64
  4.72
  7.23
  7.76
  8.47
  6.32
  6.98
  2.46
  5.25
  6.82
  4.16
  5.19
 11.02
  7.12
  7.69
  6.76
  6.61
  7.06
  3.44
  2.10
  5.89
  6.42
  6.96
  4.13
  6.47
  7.38
  3.32
  5.98
  2.52
  2.78
  6.88
  9.84
  5.82
  5.19
  8.08
  6.53
  4.84
  7.00
  7.42
  3.10
  7.31
 12.03
  8.73
  6.74
  5.53
  6.38
  7.15
  6.57
  3.89
  6.07
  8.43
  5.03
  5.48
  6.61
  6.29
  3.15
  5.00
  6.36
  7.87
