Measured Diameters
  3.67
  5.70
  9.24
  7.46
  8.31
  6.18
  4.33
  7.49
  8.67
  7.60
  8.95
  7.80
  3.32
  9.09
 11.12
  6.38
  7.66
  6.12
  7.12
  6.10
  7.38
  8.28
  9.35
  7.21
  2.10
  2.03
  2.40
  5.65
  7.57
  5.32
  6.98
  5.87
  5.48
  9.53
 10.35
  7.29
  4.29
  7.02
 10.95
 10.09
  4.66
  3.01
  7.44
  2.67
  2.23
  7.49
  4.69
  6.34
  8.51
  3.56
  5.82
  6.36
  6.70
  6.23
  9.95
  7.87
  9.47
  4.66
  9.33
  3.44
  5.22
  7.27
  7.87
  5.35
  8.24
  6.98
  6.29
 11.15
  5.53
  3.60
  8.76
  2.29
  9.97
  6.57
  6.00
  2.16
  5.98
  7.80
  9.12
  4.42
  4.63
  3.01
  8.47
  6.61
  9.79
  2.35
  2.35
  7.31
  4.51
  6.59
  6.82
  7.08
  3.85
  6.49
  7.89
  6.82
 10.16
  2.73
  3.01
  8.26
  2.73
  4.33
  4.20
 10.54
  7.38
  5.72
  6.34
  6.03
  7.87
  7.36
  7.15
  7.40
  2.23
  2.82
  2.82
  7.34
  8.19
  6.32
  8.14
  9.95
  6.57
  7.75
  6.98
  7.82
  6.90
  7.36
  3.28
  5.06
  4.48
