Measured Diameters
 10.40
  9.24
 11.89
  5.72
  9.97
  7.96
  5.27
  8.82
 10.13
 10.06
  2.23
 13.31
  3.32
  9.90
  7.85
 11.02
  6.57
 11.20
  8.62
 12.20
  9.30
 14.58
  7.51
 10.45
 10.39
 10.93
  2.29
  5.50
 12.00
 10.04
 11.24
  2.82
  9.81
  3.32
 14.04
  6.59
  2.46
 11.12
  8.59
 10.28
  7.44
 13.66
 10.71
  6.70
  3.60
  8.47
  2.46
  3.36
 12.28
  5.96
 10.74
 14.04
  9.98
  7.78
 10.37
  5.93
  9.79
  8.89
  7.08
 10.76
  9.04
  9.60
 12.91
 10.58
 10.02
 11.30
  7.15
  5.93
  6.84
 10.20
  8.65
 10.90
  2.92
 12.34
 10.37
  9.83
  2.16
 10.69
 10.49
  3.71
 10.74
  8.98
  5.11
  9.70
  9.22
  2.35
  2.46
  8.76
  5.89
  7.66
  9.34
  9.52
  9.84
 10.41
 12.76
 17.81
  2.40
 10.35
  8.62
  8.51
 10.21
 15.49
  2.52
