Measured Diameters
  8.39
  4.23
  2.46
 10.54
  3.78
  9.57
  9.27
  9.90
  8.19
  9.18
  9.41
  8.47
  6.70
  2.16
 10.67
  5.38
  8.43
  9.67
 12.48
  9.46
  9.22
  2.16
 10.45
  2.10
  8.38
  7.89
  8.92
  3.06
  9.46
  3.15
 13.53
  8.39
  2.82
  5.43
  6.80
  9.62
  7.73
 11.35
  5.89
  5.53
  8.62
  9.56
  3.67
  8.76
 12.67
  9.30
 10.67
 10.44
  6.98
 13.37
  3.63
  5.19
  8.36
  5.75
  9.19
  2.40
  8.14
  5.96
  8.31
  7.62
  2.29
  2.62
 11.31
  9.07
  7.85
  9.16
  2.87
  7.67
  2.23
  5.63
  9.27
  2.78
  5.30
  7.53
  9.06
  8.23
  7.66
  8.70
  6.51
  9.98
  6.05
 10.16
  9.28
  2.10
  7.87
  7.83
  8.73
  4.86
  5.06
  7.25
