Measured Diameters
  4.36
  8.09
  2.62
  4.10
  2.57
 11.07
  7.75
  3.10
  2.40
  7.10
  6.74
  8.98
  6.07
  3.19
  7.87
  4.84
  2.62
  9.09
  4.78
  6.27
  6.10
  5.96
  7.14
  4.57
  6.51
  6.53
  7.96
  2.52
  2.46
  7.92
  5.72
 10.16
  5.79
  6.57
  7.10
  5.75
  9.15
  8.29
 24.71
  2.92
  5.06
  5.75
  8.02
  3.82
  3.52
  7.44
  5.79
  7.17
  3.44
  2.78
  4.72
  6.21
  6.34
  5.06
  7.10
  4.75
  7.00
  5.98
  2.10
  7.23
  7.83
  6.27
  2.82
  9.86
  6.76
  8.19
  2.52
  7.19
  2.23
  6.25
  4.72
  5.50
  8.28
  8.16
  6.76
  3.82
  7.04
  2.29
  2.16
  3.36
  4.66
  6.27
  6.03
  6.55
  3.40
  6.34
 10.56
  2.23
  6.51
  6.47
  6.25
  4.23
  6.45
  2.40
  2.52
  9.70
  6.38
  4.06
  7.85
  2.46
  7.67
  5.19
  6.61
  5.65
  6.49
  2.23
  7.02
  3.40
  3.93
  6.34
  6.92
  2.92
  6.82
  3.32
  7.08
  2.97
  3.01
  6.40
  3.23
  3.89
  5.32
  6.40
  3.96
  7.00
  3.82
  7.55
  4.75
  2.82
  6.05
  6.72
  6.53
  7.89
  2.03
  3.10
  6.68
  3.36
  7.17
  6.55
 14.62
  7.34
  6.51
