Measured Diameters
  8.13
  2.29
  6.80
  9.38
  4.89
  8.16
  7.64
  4.03
  7.31
  5.19
  3.32
  8.76
  6.59
  6.51
 10.35
  6.76
  2.35
  5.77
  7.14
  7.83
  3.89
  2.57
  9.59
  3.60
  7.55
  2.29
  6.68
  5.14
  2.35
  7.29
  4.66
  6.21
  8.44
  7.21
 12.45
  7.10
  2.29
  8.18
  3.15
  8.81
  6.72
  7.83
  7.04
  5.32
  7.67
  5.38
  8.21
  7.62
  7.76
  9.12
  8.68
  2.40
  5.77
  9.62
  3.23
  4.29
  7.82
  6.86
  2.92
  4.42
  7.15
  5.50
  2.10
  7.33
  7.85
  2.62
  4.92
  4.75
  7.85
  7.47
 10.53
  7.42
  2.10
  6.66
  4.84
  6.03
  2.46
  2.87
  7.25
  6.80
  5.14
  6.86
  8.04
  3.89
  5.17
  3.93
  4.39
  6.25
  7.31
  3.85
 12.48
  7.10
  6.72
  8.44
  3.63
  6.53
 10.83
  4.23
  9.44
  6.18
  6.42
  7.58
  6.38
  6.98
 11.66
  6.38
  8.68
 10.20
 12.34
 10.54
  5.09
  7.85
  8.90
  7.87
  8.29
  2.92
  3.67
  6.70
  7.64
  5.60
  7.04
  7.60
  7.21
  7.60
  5.45
  2.87
  6.05
  7.96
  8.16
  4.72
  6.68
