Measured Diameters
  4.20
  5.45
  8.67
  8.43
  6.51
  8.02
  3.32
  6.36
  2.03
  3.23
  3.56
  7.06
  7.42
  8.33
  8.49
  7.08
  5.14
  6.98
  3.60
  6.94
  6.23
  8.06
  7.10
  6.96
  7.25
  9.84
  2.97
  6.61
  8.01
  7.33
  4.63
  7.69
  2.10
  2.87
  6.92
  7.14
  5.53
  7.69
  4.57
  6.32
  4.75
  8.19
  5.70
  4.20
  5.79
  4.13
 10.50
  6.78
  2.10
  7.04
  9.57
  8.51
  6.07
  2.62
  8.21
  7.76
  7.58
  7.15
  5.09
  9.66
  7.82
 11.65
  6.25
  5.53
  7.23
  2.78
  7.69
  5.09
  6.27
  6.72
  5.06
  3.01
  2.29
  3.15
  6.64
  7.44
  6.55
  7.27
  8.76
