Measured Diameters
  5.96
  6.78
  8.93
  6.51
  7.38
  2.73
  5.77
  6.12
  6.27
  8.81
  4.95
  9.81
  7.14
  6.64
  6.51
  6.64
  7.47
  4.48
  6.57
 11.60
  6.68
  3.23
  6.34
  4.36
  9.79
  2.78
  5.98
  3.82
  6.78
  6.80
  3.48
  3.63
  3.78
  6.42
  6.82
  5.93
  7.23
  7.90
  3.01
  6.70
  5.87
  6.05
  2.40
  7.89
  6.34
  5.93
  2.40
  7.62
  7.44
  7.38
  3.28
  7.25
  6.94
  2.23
  6.03
  6.14
  5.70
  5.89
  3.23
  6.10
  7.46
  6.82
  6.34
  5.91
  9.19
  2.16
  6.74
  8.06
  5.93
  8.57
  6.42
 12.90
  6.94
  3.28
  4.75
  4.51
  5.30
  8.78
  6.18
  7.02
  5.87
  5.72
  6.16
  8.34
  8.82
  6.84
  2.82
  8.76
  4.23
  5.84
  5.98
  4.57
  8.36
  6.18
  6.05
  5.70
  2.46
  4.00
  8.43
  2.10
  6.40
  5.65
  2.40
  6.70
  5.67
  7.27
  7.78
  3.40
