Measured Diameters
  8.19
  4.63
  7.27
  2.03
  9.70
  7.67
  5.17
  8.44
  5.79
  8.67
  7.53
  2.57
  6.82
  7.10
 11.19
  6.66
  7.49
 10.75
  2.40
  5.93
  3.67
  9.34
  9.19
  6.96
 12.11
 12.00
  3.63
  9.46
 10.56
  3.06
  8.52
  6.86
  6.07
  5.43
  4.72
  7.94
  9.62
  8.19
  2.29
  6.86
 12.05
  7.02
  4.89
  7.64
  7.71
  8.90
  4.78
  3.56
  9.70
  8.82
  9.27
  7.66
  9.53
  7.90
  8.02
  8.43
  8.39
  8.29
  7.80
  5.38
  7.58
  2.52
  6.72
  8.87
  7.89
  2.67
  8.39
  2.35
  8.81
  7.62
  2.87
  3.23
  3.44
  7.71
  4.66
  7.47
  2.23
  3.28
  6.40
  7.64
 10.66
  7.40
  2.03
  4.33
  7.44
  7.02
  8.08
  2.52
  2.16
  5.25
  8.08
  3.75
  2.97
  6.61
  7.00
