Measured Diameters
  2.57
  6.76
  2.87
  2.29
  3.63
  3.48
  4.60
  2.82
  2.62
  4.03
  3.10
  3.78
  3.44
  3.01
  2.97
  4.33
  8.36
  7.08
  2.67
  2.67
  3.48
  3.15
  2.87
  2.87
  3.01
  3.71
  2.29
  8.81
 11.40
  2.03
  6.27
  2.87
  3.06
  3.10
  3.52
  5.32
  3.01
  2.87
  3.40
  3.01
  2.78
  4.20
  3.28
  2.87
  3.48
  2.87
  2.97
  2.29
  2.87
  3.28
  2.62
  2.46
  2.97
  3.32
  6.32
  2.97
  4.16
  3.44
  4.33
  3.40
  3.28
  2.29
  8.01
  2.92
  3.67
  9.31
  3.15
  2.62
  3.10
  2.46
  3.15
  2.40
  3.23
  9.34
  3.36
  3.82
  3.36
  2.16
  3.28
