Measured Diameters
  7.29
  2.82
  4.63
  3.15
  2.40
  3.10
  7.06
  3.36
  5.70
  2.97
  5.58
  3.60
  3.15
  2.57
  3.28
  2.73
  3.96
  3.19
  6.21
  7.66
  2.03
  5.82
  2.92
  6.49
  8.81
  4.13
  2.03
  2.82
  2.82
  3.82
  3.28
  3.15
  9.46
  8.33
  2.29
  2.40
  8.84
  3.36
  5.89
  6.34
  2.40
  8.96
  7.04
  3.82
  3.67
  2.35
  3.06
  2.40
  2.29
  2.62
  3.10
  8.59
  2.92
  4.03
  3.32
  9.07
  2.73
  2.97
  3.28
  3.67
  3.44
  2.52
  2.87
  2.97
  2.10
  3.63
  4.10
  7.96
  3.96
  6.90
  3.32
  3.32
  2.82
  4.20
  3.67
  2.87
 10.45
  2.78
  2.97
  2.52
  3.06
  4.10
