Measured Diameters
  2.40
  3.01
  8.76
  3.32
  2.82
  4.95
  3.28
  3.89
  3.48
  3.56
  3.56
  2.92
  6.96
  2.73
  4.36
  4.13
  2.46
  3.56
  3.60
  3.85
  8.39
  2.82
  3.52
  3.93
  3.10
  2.97
  3.67
  7.75
  3.40
  3.01
  2.16
  2.78
  2.67
  4.29
  3.40
  3.15
  2.10
  2.46
  9.81
  2.67
  4.03
  3.28
  2.52
  2.52
 12.54
  3.19
  3.48
  2.97
  2.78
  2.23
  7.85
  5.67
  8.24
  2.40
  3.19
 10.97
  2.92
  2.78
  7.10
  2.62
  2.23
  4.86
  3.32
  2.35
  3.28
 22.29
  3.40
  2.82
  9.01
  3.15
  7.33
  3.36
  7.53
  2.73
 12.92
  3.28
  2.97
  2.10
  3.19
