Measured Diameters
  9.54
  3.01
  2.52
 10.06
  2.57
  2.52
  2.87
  3.01
  6.45
  2.97
  9.30
  3.23
  3.44
  7.57
  8.09
  3.60
  3.52
  3.32
  7.64
  8.31
  4.16
  3.36
  3.01
  2.46
  3.10
  3.93
  4.23
  2.52
  8.34
  4.42
  9.10
  9.93
  3.63
  8.92
  7.76
  3.01
  3.23
  4.33
  3.71
  2.35
  4.03
  2.62
 10.35
  7.75
  2.35
 10.53
  2.29
  2.52
  3.28
  2.57
  5.19
  3.67
  2.40
  2.57
  7.40
  2.52
  2.35
  3.78
  2.82
  2.67
  3.36
  7.29
  4.06
  3.56
  8.08
  3.36
  3.10
  5.45
  2.92
