Measured Diameters
  2.40
  2.52
 11.75
 14.04
  5.77
  6.27
  2.57
  2.62
  9.79
  9.86
  2.46
  2.16
  8.08
  3.23
  2.82
  3.01
  4.95
  4.60
  2.78
  2.62
  7.31
  2.29
  2.62
 10.83
  2.16
  3.40
  2.62
  6.16
  2.03
  2.29
  5.06
  2.78
  4.13
 10.49
 10.95
  2.92
  3.44
  6.72
  2.78
  2.78
  2.78
  9.76
  2.57
  2.57
  2.97
  4.60
  3.28
  4.26
  5.89
  4.95
  2.35
  3.63
  2.46
  6.66
  2.92
  2.97
  3.40
  3.75
  3.75
  3.44
  2.92
  2.87
  3.67
  4.03
  3.19
  2.73
