Measured Diameters
  3.23
  2.29
  2.29
  3.10
  2.87
  2.67
  5.30
  2.52
  3.67
  2.73
  2.57
  2.97
  7.44
  2.57
  4.60
  3.52
  3.67
  2.35
  5.65
  2.73
  2.35
  3.75
  3.63
  3.23
  3.10
  2.23
  3.10
  3.06
  3.06
  3.15
  3.28
  3.10
  3.63
  3.06
  2.62
  7.96
  2.10
  2.87
  2.52
  6.16
  8.65
  3.32
  5.91
  3.01
  2.92
  2.87
  3.32
  3.40
  3.15
  3.06
  3.52
  3.40
  3.28
  2.29
  2.92
  3.10
  4.69
  4.57
  3.19
  3.40
  2.40
  4.13
  2.62
  3.10
  3.48
  2.52
  2.87
  4.26
  2.23
  3.48
  3.28
  3.01
  7.06
  2.62
  3.01
  3.56
  2.73
  2.73
  2.67
  2.10
  3.78
  3.28
  3.19
  2.03
  3.36
  2.97
  2.97
  2.97
