Measured Diameters
  7.17
 15.06
  2.82
  2.78
  5.38
  7.40
  3.56
  2.82
  3.85
  3.19
  2.40
  6.70
  2.73
  2.03
  4.29
  3.06
  3.06
  2.78
  2.78
  2.73
  2.82
  2.73
  2.52
  5.60
  9.91
  7.71
  2.87
  3.10
  2.10
  2.78
  5.91
  2.62
  3.78
  2.67
  5.53
  3.40
  3.52
  2.82
 13.13
  3.10
  5.48
  3.71
  2.73
  3.01
  3.71
  2.35
  2.67
  3.15
  3.44
  3.32
  2.57
  3.52
  3.40
  2.97
  3.10
  3.56
  7.42
  5.53
  2.23
  2.82
  2.87
  7.73
  7.02
  2.67
  3.28
  3.19
  4.36
  2.92
  3.52
  3.06
  3.40
  2.67
  3.19
  6.32
  8.26
  2.67
  3.52
  4.20
  3.06
  2.03
  6.38
  2.35
  3.15
  6.88
  3.28
  8.60
