Measured Diameters
  2.35
  2.97
  4.98
  3.23
  6.72
  4.98
  2.52
  2.52
  2.67
 16.56
  3.82
  8.43
  7.85
  3.36
  3.19
  3.60
  4.42
  2.10
  3.06
  2.57
  2.62
  4.23
  8.09
  3.06
  3.63
  6.68
  2.29
  2.52
  2.67
  8.84
  3.23
  4.20
  2.57
  7.89
  2.78
  2.97
  2.16
  4.20
  2.40
  3.19
  3.19
  3.44
  2.40
  2.62
  2.35
  2.57
  4.63
  4.36
  3.23
  8.28
  4.84
  2.57
  3.63
  4.26
  4.54
  2.10
  3.36
  3.01
  2.57
  3.48
  7.60
  2.87
  2.92
  6.64
  2.40
 12.77
  3.32
  3.75
  3.06
  2.92
  4.29
  3.52
  8.93
  3.36
  3.85
  2.10
  3.40
  2.82
  2.82
