Measured Diameters
  2.03
  9.03
  2.23
  2.97
  4.81
  2.78
  5.89
  4.23
  2.92
  2.29
  2.78
  3.01
  3.71
  3.60
  6.84
  3.71
  2.57
  2.52
  3.15
  2.87
  7.36
  3.56
  6.57
  2.78
  8.47
  2.29
  6.00
  6.23
  2.46
  3.10
  3.01
  3.71
  3.28
  2.23
  3.48
  2.23
  7.04
  3.01
  5.91
  7.42
  4.36
  2.73
  3.23
  3.67
  3.96
  2.82
  3.23
  5.79
  2.73
  3.06
  3.23
  2.52
  9.64
  8.52
  4.78
  3.23
  2.82
  7.49
  3.85
  2.67
  2.73
  8.16
  3.60
  3.06
  4.13
  5.22
  3.32
  8.49
  4.26
  3.48
  3.32
  3.10
  3.28
  4.03
  5.72
  5.45
