Measured Diameters
  4.13
  6.21
  2.46
  2.82
  3.56
  8.75
  2.87
  3.15
  3.40
  3.28
  3.06
  2.92
  4.10
  3.01
  4.45
  3.67
  3.36
  2.92
  3.93
  3.96
  2.52
  3.78
  3.82
  3.28
  8.28
  3.32
  2.92
  6.92
  3.48
  2.57
  2.03
  2.29
  3.19
  2.57
  2.57
  8.01
  3.19
  3.10
  2.73
  3.71
  3.06
  3.01
  3.15
  5.96
  8.23
  7.31
  2.78
  7.90
  2.92
  3.28
 10.35
  2.23
  3.60
  3.23
  3.23
  2.78
  5.43
  4.13
  3.44
  4.45
  3.10
  3.71
  7.75
  3.36
  2.87
  3.32
  2.97
  3.48
  2.35
  3.48
 12.49
  2.92
 10.97
  3.32
  2.92
