Measured Diameters
  2.73
  3.36
 11.55
  3.93
  9.04
  2.16
  3.06
  3.10
  2.16
  2.29
  2.03
  2.67
  3.63
  3.40
  3.23
  3.06
  8.57
  2.82
  3.32
  2.73
  8.56
  8.79
  4.42
  8.65
  8.28
  2.73
  2.52
  2.40
  2.16
  3.15
  2.03
  2.52
  3.78
  2.46
  2.29
  2.92
  3.19
  2.29
  2.23
  2.78
  7.87
  3.44
  7.73
  2.35
  4.45
  5.98
  2.03
  3.23
  2.52
  3.60
  4.16
  2.67
  3.23
  3.40
  2.62
  4.10
  3.36
  2.62
  2.52
  3.06
  2.52
  2.03
  2.57
  3.19
  2.87
  2.78
  2.03
  8.06
  4.42
  3.10
  3.19
  3.06
  3.15
