Measured Diameters
  3.44
  2.03
  8.68
  2.03
  3.10
  3.89
  2.16
  2.73
  9.83
  3.32
  2.87
 10.13
  2.92
  2.87
  3.67
  2.73
  2.73
  3.44
  2.35
  2.46
  3.71
  3.63
  2.35
  3.82
  2.82
  3.10
  5.93
  4.92
  3.48
  6.57
  3.23
 10.32
  3.67
  7.60
  2.16
  2.10
  2.29
  2.57
  2.40
  2.16
  4.00
  3.19
  2.29
  2.40
  4.95
  8.46
  2.52
  2.78
  2.40
  2.67
  2.92
 10.29
  2.40
  2.03
  3.40
  2.57
  3.32
  3.36
  6.07
  7.58
  3.01
  9.24
  3.28
  2.35
  3.93
  8.44
  3.19
