Measured Diameters
  2.92
  2.40
  3.60
  6.23
  3.85
  3.28
  4.57
  3.89
  3.52
  3.63
  3.01
  2.73
  3.15
  5.22
  3.63
  2.46
  8.54
  2.03
  9.94
  3.01
  6.00
  2.73
  3.63
  3.01
  3.36
  6.92
  2.46
  3.06
  3.36
  3.10
  2.87
  7.60
  4.10
  3.40
  3.19
  5.48
  3.36
  2.52
  3.32
  2.97
  3.71
  2.92
  3.01
  3.63
  6.29
  3.15
  2.46
  7.29
  7.46
  3.52
  5.11
  2.87
  2.82
  2.82
  3.15
  3.36
  8.93
 10.56
  4.16
  2.62
  4.06
  4.84
  2.46
  2.40
  2.23
  7.80
  3.15
  4.60
