Measured Diameters
  2.40
  2.73
  3.28
  2.16
  2.46
  4.33
  3.75
  3.63
  3.10
  3.23
  6.92
  4.66
  2.67
  8.76
  3.85
  2.87
  3.60
  5.82
  3.06
  3.23
  3.67
  4.29
  3.10
  3.32
  3.52
  2.57
  3.52
  3.06
  2.03
  3.82
  3.06
  3.48
  3.01
  3.28
  8.01
  2.62
  3.44
  4.42
  3.32
  3.32
  3.40
  3.06
  2.67
  3.78
  2.78
  2.03
  2.73
  3.63
  3.06
  2.46
  6.61
  3.23
  3.36
  3.67
  2.46
  3.06
  2.87
  2.67
 10.99
  7.89
  3.01
  3.40
  3.48
  3.15
  2.23
