Measured Diameters
  3.63
  8.96
 10.74
  3.52
  5.53
  2.35
  7.57
  3.48
  3.32
  2.40
  2.46
  2.57
  3.52
  2.23
  4.29
  2.03
  8.11
  3.60
  4.20
  3.36
  4.20
  7.66
  3.28
  3.44
  3.19
  4.29
  3.36
  2.10
  8.57
  5.40
  4.06
  2.03
  3.75
  2.29
  2.46
  3.63
  3.48
  2.62
  2.92
  2.67
  2.29
  2.92
  3.28
  7.44
  2.92
  3.40
 11.90
  3.96
  3.32
  2.78
  2.16
  2.29
  4.33
  3.44
 10.33
  8.34
  4.48
  4.16
  2.35
  3.75
  3.52
  3.71
  2.35
  7.46
  3.23
  3.85
  2.40
  8.39
  3.10
  3.01
  3.40
