Measured Diameters
  3.82
  3.75
  2.92
  2.92
  3.60
  2.52
 13.51
  2.73
  3.23
  3.32
  8.54
  2.40
  2.57
  2.03
  4.98
  3.71
  3.71
  3.10
  3.75
  3.36
  3.36
  6.88
  3.89
  2.40
  3.23
  2.40
  3.56
  7.49
  3.19
  3.89
  4.06
  3.82
  3.82
  5.91
  4.00
  3.06
  3.10
  2.78
  4.10
  3.01
  2.23
  8.59
  4.00
  3.40
  3.10
  3.36
  3.75
  7.55
  3.67
  7.99
  4.54
  2.10
 10.31
  2.29
  2.62
  3.44
 12.95
  2.35
  2.73
  3.52
  2.92
 11.56
  3.56
  2.82
  3.19
  6.80
  3.01
  2.87
  3.71
  3.32
  3.93
  5.25
  3.36
 11.38
  2.29
  4.81
  2.16
 12.16
  2.23
  3.67
  3.23
  3.75
