Measured Diameters
  3.28
  9.74
  3.10
  3.89
  3.93
  2.87
  2.03
  4.10
  7.92
  2.10
  4.03
  2.87
  5.09
  3.75
  3.71
  2.82
  3.67
  2.16
  2.46
  2.92
  2.92
  5.96
  2.57
  4.13
  3.19
 12.95
  2.16
  2.92
  2.52
  3.19
  3.32
  7.17
  3.52
  2.57
  4.39
  3.93
  2.57
  8.39
  2.40
  3.63
  3.28
  2.82
  3.52
  2.46
  4.60
  2.92
  2.10
  2.73
  3.48
  3.19
  2.10
  3.71
  6.34
  2.29
  2.03
  2.62
  4.03
  3.40
  9.15
  4.81
  3.28
  2.62
  4.84
  2.82
  2.40
  2.97
  3.23
  2.62
  3.52
  3.67
  9.60
  2.73
  4.54
  3.48
  3.36
  9.94
  2.73
  3.23
  4.10
  2.97
  3.93
 10.40
  8.65
  7.64
  9.69
  3.01
  2.92
  3.23
  3.52
  4.84
  3.67
  2.57
