Measured Diameters
  4.26
  3.06
  7.15
  2.67
  3.10
  4.39
  3.06
 10.54
  3.15
  3.60
  3.96
  7.96
  3.75
  3.28
  2.57
  4.23
 10.78
  5.03
  6.03
  2.10
  4.03
  3.36
  3.32
  4.57
  3.32
  3.23
  3.63
  3.06
  3.15
  2.87
  2.16
  2.10
  3.28
  2.92
  6.70
  3.93
  4.78
  3.32
  5.58
  3.06
  3.52
  2.87
  6.29
  8.02
  2.78
  6.90
  2.82
  2.87
  6.74
  2.57
  2.29
  7.62
  2.82
  3.63
 10.84
  2.73
  3.75
  3.48
  3.10
  2.92
  2.46
  2.67
 11.69
  2.67
  3.75
  4.95
  2.67
  4.33
  2.92
  2.73
  3.10
 11.28
  3.63
  3.67
  3.23
  2.57
  2.87
  2.87
