Measured Diameters
  2.23
  3.82
  3.10
  3.01
  3.56
  2.73
  2.40
  2.92
  2.29
  4.29
  4.13
  3.89
  3.36
  4.33
  3.06
  3.56
  3.96
  3.10
  4.16
  2.40
  2.23
  3.19
  3.71
  3.10
  2.40
  7.27
  2.23
  7.19
  2.97
  2.57
  3.10
  3.52
  4.60
  9.18
  4.29
  2.73
  2.23
  6.49
  4.23
  4.16
  4.95
  8.81
  3.44
  3.28
  3.48
  3.40
  2.46
  2.97
  3.63
  3.01
  2.35
  3.63
  3.23
  3.01
  6.92
  3.15
  3.19
  4.42
  2.67
  4.95
  2.16
  2.67
  3.48
  2.23
  4.86
  3.28
  3.15
  2.62
  2.82
  3.52
  3.10
  2.82
  2.78
  2.87
  3.44
  3.10
  4.51
  3.28
  3.75
  3.23
  3.36
  2.35
  4.00
  2.87
  3.93
  3.52
  3.56
  2.78
  3.71
  3.67
  9.81
  3.52
  4.23
  3.71
  2.82
  3.15
 12.47
  3.23
  2.57
  3.56
  2.92
  3.23
  3.40
  3.01
