Measured Diameters
  5.27
  7.78
  2.87
  3.19
  3.06
  3.15
  3.06
  3.10
  7.76
  2.35
  3.44
  3.06
  4.51
  3.44
  5.98
  3.19
  2.78
  5.22
  3.40
  4.51
  3.67
  3.52
  3.40
  3.15
  3.48
  7.62
  2.23
  6.64
  3.52
  2.82
  2.92
  3.71
  3.19
  2.97
  2.62
  3.15
  3.10
  3.44
  3.60
  3.15
  4.03
  2.35
  6.90
  8.52
  2.97
  2.92
  5.89
  3.15
  3.10
  3.06
  3.01
  3.01
  3.52
  3.44
  2.46
  6.68
  2.73
  3.82
  3.23
  3.52
  3.40
  3.63
  5.67
  3.89
  4.13
  9.31
  8.11
  3.32
  3.06
  3.78
  2.92
  4.03
  3.10
  9.40
  3.06
  4.66
  3.19
  3.56
  2.35
  2.87
  2.23
  7.53
  4.00
  3.01
  3.15
  5.53
  3.48
