Measured Diameters
  3.67
  4.89
  3.28
  2.78
  3.48
  3.63
  4.10
  8.56
  4.39
  2.92
  2.57
  2.10
  3.67
  2.40
  3.19
  2.82
  3.96
  3.67
  2.52
  2.92
  3.36
  2.23
  3.15
  2.35
  2.16
  3.19
  3.06
  2.87
  3.36
  2.73
  2.23
  2.62
  2.16
  4.81
  9.22
  2.62
  3.52
  3.71
  2.82
  2.92
  8.49
  3.01
  2.52
  2.82
  3.56
  2.87
  2.62
 10.40
  2.62
  3.40
  3.15
  3.36
  3.06
  2.87
  4.16
  4.13
  2.82
  3.71
  3.48
  3.63
  3.44
  3.82
  3.10
  2.23
  2.40
  2.16
  2.73
  3.32
  2.46
  3.15
  8.93
  3.48
  2.73
  5.00
  2.35
  9.72
  2.23
  3.60
  6.76
  2.73
  3.06
  3.32
