Measured Diameters
  3.67
  2.16
  3.71
  3.93
  3.28
  3.28
  2.92
  2.16
 18.72
  2.82
  7.33
  4.00
  2.40
  8.65
  6.38
  2.57
  3.56
  3.19
  4.42
 10.99
  2.67
  6.59
 12.64
  3.40
  2.35
  3.15
  2.92
  2.78
  3.23
  4.86
  4.29
  7.53
  2.46
  2.87
  4.75
  2.73
  3.52
  4.48
  2.92
  3.19
  3.56
  2.03
  3.40
  4.29
  3.75
  3.52
  4.26
  2.46
  2.03
  3.48
  3.01
  3.19
  8.39
 11.93
  9.63
  8.67
  7.19
  4.78
  3.52
  2.40
  9.57
  3.10
  3.52
  3.60
  4.42
  3.36
  2.16
  3.19
  9.44
  2.97
 11.99
  3.40
  3.63
  2.62
  2.67
  3.40
  3.60
  2.62
  5.63
  5.22
  4.00
  8.46
  4.23
  4.23
  3.63
  4.23
  2.92
