Measured Diameters
  3.89
  4.13
 11.34
  2.73
  3.52
  4.98
  2.23
  8.04
  2.23
  3.23
  2.23
  4.23
  4.48
  3.56
  3.82
  3.23
  3.71
  2.46
  3.28
  4.13
  2.67
  2.35
  3.06
  2.92
  2.97
  2.23
  3.40
 12.19
  3.36
  2.16
  4.00
  2.92
  4.92
  3.75
  4.72
  2.73
  3.01
 10.28
  2.29
  4.10
  3.78
  2.29
  7.75
  2.10
  2.03
  2.03
  2.78
  3.48
  8.14
  3.89
  3.96
  4.23
  2.23
  2.82
  4.13
  3.32
  4.10
  3.82
  2.82
  2.10
  2.29
  3.36
  3.19
  2.73
  2.67
  2.73
  4.63
 11.32
  3.52
  4.69
  8.39
  3.28
  4.45
  3.63
  3.15
