Measured Diameters
 14.75
  3.44
  2.73
  2.29
  4.45
  4.36
  3.56
  3.10
  4.23
  3.63
  2.46
  2.82
  2.03
  4.36
  4.20
  4.75
  5.65
  7.80
  5.30
  2.73
  2.52
  4.39
  2.40
  5.65
  3.44
  2.29
  4.75
  3.36
  8.04
  4.86
  2.23
  3.40
  2.97
  3.85
  2.46
  3.96
  2.57
  3.89
 10.05
  4.00
  3.28
  5.93
  3.06
  2.97
  3.28
  2.97
  6.21
  4.00
  2.67
  4.20
  3.44
  3.15
  2.52
  2.78
  3.23
  4.16
  3.32
  7.99
  2.16
  2.97
  3.67
  7.64
  2.40
  2.57
  5.25
  5.00
  3.36
  8.60
  4.36
  4.84
  2.57
  4.54
  3.06
  6.25
  3.06
  3.23
  2.35
  3.56
  3.63
  2.29
 11.38
  3.44
  2.57
  2.82
  3.44
  2.67
  2.46
  3.67
  3.44
  3.23
  4.54
  4.10
  2.52
  4.06
  3.36
  2.78
  4.23
  2.67
 11.67
  3.44
  4.86
  3.23
  3.48
  4.16
  3.23
  4.20
  4.13
  2.46
  7.85
  4.78
  2.46
  3.60
  2.73
  2.78
  3.15
  2.92
  6.72
  2.92
  3.15
  4.16
  2.16
  3.01
  3.52
  5.14
  3.28
  4.29
  3.19
  7.21
  2.73
  3.67
