Measured Diameters
  2.82
  2.67
  2.57
  7.12
  2.73
  2.29
  4.06
  3.75
  4.78
  4.51
  3.40
  3.19
  8.02
  3.89
  3.48
  2.62
  6.86
  3.85
  5.67
  2.40
  3.06
  2.03
  3.48
  3.06
  4.39
  2.46
  3.28
  3.23
  2.73
  3.52
  3.78
  2.03
  2.97
  3.40
  4.00
  2.46
  2.16
  4.39
  2.57
  3.06
  4.10
  3.40
  7.25
  2.82
  4.63
 12.00
  6.29
  2.57
  4.51
  2.03
  6.80
  4.13
  3.36
  2.16
  5.00
  2.46
  2.92
  3.23
  9.52
  5.17
  2.78
  4.95
  2.57
  2.78
  4.06
  3.23
  3.56
  2.97
  7.40
  2.35
  3.75
  2.16
  3.01
  8.93
  5.98
