Measured Diameters
  3.32
  3.40
  2.92
  4.54
 10.10
  3.78
  3.23
  7.96
  2.82
  2.92
  3.06
  2.23
  3.06
  9.50
  3.52
  3.32
  2.57
  3.52
  2.57
  7.85
  6.78
  4.13
  3.32
  3.36
  3.40
  7.76
  2.87
  3.32
  3.48
  3.06
  3.40
  2.46
  4.72
  2.78
  2.73
  3.06
  2.62
  9.18
  3.40
  2.10
 13.00
  2.52
  3.32
  6.05
  4.48
  4.54
  3.10
  2.52
  3.44
  8.02
  3.06
  2.52
  2.87
  3.01
  3.28
  3.32
  7.53
  9.38
  6.86
  2.92
  3.06
  2.97
  3.78
  2.87
  2.40
  3.67
  9.13
  2.29
  2.87
  7.73
  2.78
  2.87
  7.57
  6.53
