Measured Diameters
  3.01
  3.48
  2.82
  3.93
 12.97
  2.57
  2.73
  2.29
  2.29
  3.10
  4.10
  3.85
  2.78
  3.28
  3.23
  3.63
  3.40
  4.06
  3.44
  6.00
  2.78
  2.67
  2.16
  3.96
  2.35
 10.21
  3.40
  2.78
  3.56
  4.13
  3.19
  3.36
  2.87
  3.06
  5.70
  3.63
  2.78
  3.23
  2.97
  3.32
  6.68
  3.23
  7.76
  3.63
  3.52
  4.45
  3.52
  2.62
 14.96
  3.63
  2.92
  3.44
  3.10
  3.93
  8.23
  3.52
  4.13
  2.57
  5.35
  3.01
  2.52
  3.40
  3.56
  3.19
  2.92
  3.67
  2.16
  7.19
  3.52
  2.78
  3.19
  4.72
  3.06
  7.46
  7.14
  3.23
  3.15
  2.97
  4.10
  2.78
  4.26
  2.78
  2.97
  2.92
  7.94
