Measured Diameters
  3.01
  9.52
  8.11
  3.23
  2.92
  4.33
  8.78
  3.10
  4.63
  3.85
  3.52
  3.32
  2.87
  7.23
  3.85
  4.26
  2.62
  2.67
  3.82
  2.29
  4.00
  2.92
  4.66
  8.72
  3.44
  3.28
  8.92
  7.94
  2.97
  4.57
  2.78
  4.23
  2.40
  4.13
  2.23
  2.67
  7.69
  7.69
  2.92
  2.57
  9.31
  6.53
  4.10
  3.48
  6.07
  3.71
  2.46
  4.00
 11.08
  3.19
  2.78
  3.56
  4.16
  3.28
  3.06
  3.96
  2.62
 10.45
  2.73
  3.32
 12.77
  3.56
  2.62
  3.19
  3.10
  2.78
  2.62
  7.57
  4.16
  3.75
  5.45
  7.97
  3.06
  3.82
  8.51
  2.46
  2.73
  2.35
  2.92
  3.01
  2.92
  6.07
  4.92
