Measured Diameters
  3.78
  3.36
  2.78
  3.01
  3.56
  8.29
  7.15
  3.32
  2.46
  2.67
  4.57
  2.03
  4.00
  3.44
  3.40
  8.26
  4.57
  3.10
  9.21
  2.57
  3.44
  2.92
  3.85
  2.52
  7.94
  2.03
  5.09
  3.48
  4.06
  2.97
 10.40
  2.57
  3.78
  3.60
  2.40
  7.42
  9.27
  3.15
  3.67
  2.16
  4.42
  2.97
  3.56
  7.17
  3.93
  7.10
  3.40
  7.83
  3.60
  2.46
  3.60
  2.87
  3.06
  3.06
  7.57
  4.36
  3.06
  4.10
  6.27
  8.81
  2.73
  2.35
  4.00
  2.40
  3.28
  2.73
  4.00
  2.10
  2.78
  2.40
  3.71
  2.29
  3.63
  3.01
  7.90
  2.10
  9.77
  5.00
  7.99
  2.03
  3.78
  4.00
  2.78
  4.36
  3.01
  2.35
  3.60
  3.56
  3.75
  3.28
 10.33
  3.36
  3.01
