Measured Diameters
  4.54
  3.48
  3.15
  3.23
  3.19
  3.01
 11.82
  3.28
  8.90
  3.06
  2.92
  3.82
  2.67
  2.29
  3.78
  2.92
  3.19
  3.10
  2.78
  7.92
  3.44
  3.23
  3.01
  3.63
  4.23
  9.53
  9.33
  3.71
  8.28
  2.40
  3.89
  2.40
  3.52
  2.23
  3.01
  3.93
  2.92
  2.82
 11.47
  4.29
  3.32
  3.32
  4.84
  7.64
  2.46
  2.78
  3.78
  3.60
  5.84
  3.28
  3.06
  4.13
  3.40
  2.16
  3.48
  3.36
  2.87
  2.78
  2.10
  3.36
  3.01
  4.10
  2.29
  6.68
  4.63
  2.67
  2.52
  9.66
  3.56
  2.52
  2.62
  4.10
  2.29
  8.52
  2.87
  3.63
  2.78
  3.63
  6.66
