Measured Diameters
  8.84
  3.01
  2.92
  3.23
  4.54
  3.36
  3.06
  3.82
  2.97
  3.82
  2.57
  3.01
  4.48
  3.23
  4.20
 14.56
  3.78
  3.06
  2.35
  9.04
  3.71
  2.62
  3.28
  4.29
  7.29
  3.67
  3.01
  2.73
  2.29
  3.52
  2.73
  3.67
  3.75
 12.24
  5.50
  3.40
  8.26
  9.79
  3.15
  3.19
  3.71
  4.06
  2.52
 11.62
  3.36
  9.09
  2.29
  3.48
  2.67
  9.79
  2.29
  4.84
  3.06
  3.96
  3.15
  2.57
  2.16
  4.16
 13.77
  2.46
  3.89
  2.35
  4.78
  3.60
  5.17
  4.39
  3.40
  4.29
  2.23
  2.40
  2.67
  2.57
  9.04
  3.67
  3.32
  4.00
  4.00
  2.40
  3.06
  2.97
 10.50
  4.10
  3.40
  3.23
  2.92
  2.35
  2.35
