Measured Diameters
  5.00
  3.10
  2.92
  6.82
  3.15
  2.97
  3.71
  2.78
  4.23
  4.39
  3.44
  5.45
  9.16
  2.87
  7.46
  3.06
  3.32
  3.85
  3.75
  4.29
  7.58
  8.04
  2.35
  7.97
  4.20
  4.10
  2.57
  2.92
 10.93
  7.99
  3.52
  3.67
  3.01
  4.20
  6.80
  3.63
  4.20
  2.57
  4.16
  6.14
  3.60
  3.82
  2.16
  2.92
  3.36
  7.00
  2.82
  3.60
  2.87
  5.06
  3.19
  4.60
  7.71
  3.78
  3.32
  9.40
  3.52
  3.89
  2.87
  2.57
  2.82
  7.33
  3.40
  3.56
  2.82
  2.03
  4.16
  2.87
  5.14
  2.10
  3.06
  3.28
  4.23
  2.87
  5.19
  3.23
  3.06
  3.56
  4.45
  5.48
  3.71
  3.28
  3.06
  3.56
  4.78
  3.19
  6.49
  2.10
  4.10
  4.00
