Measured Diameters
  7.80
  2.67
  2.16
  2.46
  2.03
  2.10
  2.92
  2.73
  2.73
  2.10
  2.87
  3.28
  2.97
  3.40
  2.23
  3.82
  2.67
  7.49
  3.10
  3.01
  2.67
  4.98
  3.67
  4.26
  2.35
  2.87
  7.08
  3.63
  3.60
  4.48
  2.16
  2.35
  2.52
  3.28
  2.62
  3.06
  2.97
  2.92
  2.82
  2.78
  4.36
  5.93
  2.78
  3.75
 10.97
  4.16
  4.00
 11.28
  4.00
  3.32
  3.06
  2.78
  3.93
  2.78
  4.03
  2.57
  2.35
  3.67
  3.67
  3.67
  3.44
 12.45
  2.97
  5.30
  2.29
  3.15
  3.71
  3.15
 10.57
  3.28
  2.97
  9.07
  2.92
  3.40
  2.35
  3.48
  3.01
