Measured Diameters
  3.01
  2.97
  2.10
  8.18
  3.19
  3.01
  6.94
  5.98
  3.01
  7.92
  2.73
  3.06
  2.97
  3.06
  2.73
  2.92
  2.62
  3.93
  2.97
  3.28
  3.93
  2.16
  2.52
  2.16
  2.29
  3.48
  7.60
  3.40
  2.46
  7.47
  8.23
 11.48
  3.82
  2.46
  8.65
 16.22
  2.23
  7.57
  3.52
  3.36
  2.97
  7.33
  3.52
  3.01
  8.46
  2.29
  2.82
  2.35
 10.02
  2.92
  3.96
  3.15
  3.63
  3.63
  3.56
  2.78
  5.53
  4.06
  2.73
  3.06
  2.73
  3.56
  4.03
  4.78
  3.78
  3.01
  3.06
  7.85
  5.48
  3.23
 11.74
  4.10
  2.67
