Measured Diameters
  4.57
  3.10
  3.67
  3.15
  2.35
  3.36
  2.97
  4.36
  3.71
  3.19
  3.15
  4.00
  2.62
  3.67
  3.23
  3.56
  3.32
  2.92
  8.06
  8.57
  5.00
  2.40
 10.61
  3.01
  3.56
  2.35
  3.82
  4.36
  4.75
  2.40
  3.10
  2.03
  3.44
  3.15
  2.40
  7.97
  4.39
  2.78
  3.01
  2.92
  3.19
  4.06
  2.62
  8.04
  2.97
  2.78
  5.27
  2.78
  3.15
  3.32
  2.35
  2.92
  3.15
  3.40
  4.29
 10.80
  2.87
  4.57
  3.40
  3.19
  3.06
  2.78
  2.46
  2.10
  4.81
  2.10
  6.07
  3.96
  3.32
  2.78
  3.89
  8.72
  3.93
  3.36
  2.40
  2.03
  7.55
  2.67
  3.19
  2.87
  4.45
  2.97
  2.46
  3.28
  2.73
  2.73
  3.52
  3.85
  3.23
  2.23
  3.56
  9.87
  7.34
  3.23
  9.49
  2.67
  3.56
  3.75
  2.57
  4.69
  8.81
  2.82
  3.71
  2.46
  3.01
