Measured Diameters
  2.57
  3.06
  2.73
  2.52
  3.52
  3.44
  3.48
  3.28
  2.35
  4.00
  3.23
  3.60
  5.06
  2.82
  3.15
  2.46
  5.55
  3.40
  3.36
  3.01
  3.52
  3.10
  3.60
  2.73
  2.87
  3.52
  2.52
  4.23
  4.29
  9.76
  2.73
  6.55
  3.10
  3.01
  8.06
  3.32
  6.66
  3.71
  2.35
  2.29
  3.56
  3.67
  2.46
  2.92
  7.75
  3.32
 20.88
  3.28
  3.63
  2.87
  2.92
  2.82
  3.28
  6.66
  3.32
  2.73
  3.63
  3.15
  5.32
  3.44
  3.06
  2.92
  3.32
  2.62
  2.73
  3.82
  2.87
  7.21
  3.23
  3.52
  3.63
  4.48
  2.97
  3.52
  2.78
  3.06
  3.40
  2.92
  2.29
  6.51
  9.70
  3.01
  2.82
  2.67
  3.36
  2.67
 12.00
  2.46
  4.33
  2.92
  3.82
  3.01
  7.64
  2.97
  2.52
  3.52
  4.29
  4.33
  2.92
  2.87
  6.98
  4.36
