Measured Diameters
  3.06
  2.82
  2.46
 10.13
  3.10
  3.67
  2.03
  3.19
  2.82
  2.67
  3.96
  5.03
  6.45
  3.75
  3.44
  3.23
  4.10
  2.67
  4.03
  9.28
  7.78
  3.10
  2.82
  3.19
  3.85
  2.35
  2.62
  2.62
  4.51
  7.90
  3.85
  6.82
  2.52
 11.18
  2.62
  8.54
  3.10
  4.75
  4.42
  4.60
  2.78
  4.23
  7.60
  4.57
  2.87
  4.26
  2.10
  2.87
  2.62
  2.29
  3.89
  3.06
  2.29
  2.23
  3.48
  3.40
  3.78
  6.03
  3.71
 11.86
  4.03
  2.87
  3.89
  5.06
  6.21
  2.03
  3.82
  3.56
  3.15
  4.16
  2.97
  3.28
  3.23
  2.97
 10.69
  3.52
  8.16
  3.10
  2.78
  4.54
  3.32
  2.03
  5.03
  4.42
  2.67
  7.46
  2.73
  4.33
  4.03
  3.56
  3.32
