Measured Diameters
  3.15
  2.67
  3.19
  3.63
  3.93
  2.40
  4.00
 11.08
  2.97
  2.03
  2.35
  3.10
  7.34
  3.60
  2.03
  3.48
  3.89
  3.19
  2.73
  2.87
  3.85
  2.73
  2.29
  3.40
  2.62
  2.52
  3.63
  3.44
  4.75
  3.06
  3.67
  3.01
  3.32
  2.97
  2.52
  9.28
  2.92
  8.47
  8.01
  2.46
  3.93
  6.53
  5.25
  2.82
  8.04
  2.87
  7.15
  7.38
  2.62
  4.29
  5.65
  3.19
 13.11
  3.40
  4.57
  3.28
  2.52
  3.52
  3.23
  2.67
  2.92
  8.56
  2.29
  3.32
  3.71
  7.67
  4.98
  2.35
  3.52
  3.19
 19.63
  2.67
  2.35
  2.73
  3.52
  3.60
  3.52
  3.01
  3.67
  3.56
  3.28
  2.78
  3.40
  2.82
  2.23
  2.29
  3.36
  3.96
  8.04
  2.57
  3.48
  3.44
  2.92
  3.60
  4.42
  2.62
  2.87
  2.46
