Measured Diameters
 15.19
  5.14
  2.16
 11.82
  3.32
  2.29
  5.11
  2.40
  4.10
  2.46
  2.40
  4.81
  2.78
  3.40
  2.03
  2.92
  2.97
  2.40
  2.52
 11.99
 13.78
 12.01
  3.19
  2.40
  5.00
  3.71
  2.67
  4.23
  2.29
  5.77
  3.01
  4.45
  5.06
  9.72
  7.83
  5.00
  2.52
 15.33
  2.78
  2.57
  3.28
  2.73
  4.86
 10.81
  2.03
  2.82
  8.08
  3.28
  3.06
  3.06
  2.35
 16.54
  2.92
  3.71
  2.10
  3.28
  3.19
  2.62
  3.23
  3.85
  2.40
  3.44
