Measured Diameters
  3.10
  3.06
  2.52
  2.03
  3.28
  2.78
  4.54
  7.80
  2.82
  2.82
  3.63
  4.06
  7.76
  3.89
  2.82
  3.10
  2.52
  4.75
  2.82
  5.11
  3.28
  3.63
  2.23
  3.36
  3.32
  3.06
  2.97
  3.01
  4.00
  2.82
  8.65
  2.29
  3.60
  4.00
  6.27
  3.36
  3.44
  4.00
  3.44
  8.64
 12.26
  2.97
  2.29
  2.82
  4.00
  5.17
  2.57
  8.86
  2.16
  5.79
  2.40
  3.67
  2.40
 10.36
  3.10
  3.44
  2.67
  3.32
  4.16
 10.01
  2.57
  3.85
  3.75
  2.78
  9.46
  3.85
  3.32
  3.82
  2.29
 10.83
  2.87
  2.52
  4.48
  3.75
  4.33
  2.73
  3.96
  2.23
  3.71
  3.36
  4.45
  2.57
  8.62
  2.73
  3.10
  8.31
  2.92
  3.06
  2.62
  3.01
  2.23
  2.87
  3.10
  3.06
  3.75
  3.85
 13.46
  3.19
