Measured Diameters
  9.74
  9.33
  2.16
  2.92
  3.85
  7.17
  3.15
  2.16
  2.92
  3.40
  2.40
  4.16
 10.14
  2.46
  6.27
  2.62
  3.75
  5.91
  5.35
  2.23
  3.78
  6.57
  4.20
  3.23
  3.48
  2.52
  2.23
  3.48
  2.52
  2.40
  6.72
  3.15
  3.19
  4.06
  2.73
  4.03
  3.52
  3.60
  2.52
  2.46
  3.23
  4.60
  6.74
  4.57
  2.78
  4.16
  3.10
  9.03
  3.56
  3.56
  3.56
  2.40
  2.46
  2.78
  2.73
  2.46
  4.13
  3.89
  3.32
  3.01
  4.23
  2.03
  2.78
  2.78
  4.72
  3.67
  3.32
  2.10
  8.54
  5.00
  8.02
  7.49
  3.06
  4.10
  3.78
  2.46
  7.66
  3.36
  2.46
  3.93
  3.56
  9.16
  3.82
  2.67
