Measured Diameters
  2.97
  3.10
  6.88
  6.76
  2.23
  3.36
 11.35
  2.10
  3.06
 11.38
  3.56
  2.73
  4.36
  4.06
  6.53
  3.52
  2.67
  3.48
  2.73
  3.19
  3.75
  3.23
  4.60
  2.87
  7.38
  2.57
  2.40
  4.20
  2.87
  3.48
 17.01
  3.71
  2.92
  3.71
  3.19
  9.13
  3.10
  3.15
  3.36
  3.23
  4.33
  3.32
  2.57
  2.62
  2.78
  9.67
  2.92
  9.12
  3.96
  6.18
  3.06
  2.82
  3.48
  4.78
  3.40
  3.67
  2.82
  3.06
  3.32
  9.53
  3.82
  3.32
  2.82
  6.98
  4.26
  2.82
  3.75
  2.73
  3.32
  7.75
  3.06
  3.52
  3.32
  2.87
  3.28
  3.56
  5.09
  3.06
  2.57
  8.34
  4.95
  2.97
  2.92
  3.19
  3.32
  7.04
  2.35
  2.97
  2.82
  3.52
  3.67
  4.92
  7.55
  9.25
  2.73
  7.08
  2.97
  5.06
  3.23
  9.10
  2.40
  2.57
  3.40
  2.87
  2.97
  3.10
  3.82
