Measured Diameters
  4.20
 14.37
  2.62
  4.42
  2.40
  2.92
  2.03
  2.16
  2.73
  4.16
  4.10
  3.01
  4.84
 10.99
  5.00
  2.23
  2.40
  7.71
  3.10
  9.73
  3.60
  3.23
  4.57
  2.03
  8.92
 14.30
  4.36
  3.75
  2.57
  3.89
  3.23
  2.16
  3.06
  3.93
  6.66
  5.03
  3.48
  3.63
  3.60
  3.36
  2.35
  4.23
  4.16
  3.32
  4.78
  7.67
  3.60
  3.85
  2.92
  7.44
  3.44
  3.01
 10.61
  3.32
  3.78
  3.96
  3.40
  2.73
  3.15
  3.60
