Measured Diameters
  2.97
  3.63
  3.82
 12.02
  3.78
  3.28
  2.10
  3.60
  2.46
  2.16
  2.29
  3.19
  4.10
  3.23
  6.47
  3.60
  3.23
  3.23
  3.60
  2.35
  3.89
  3.15
  2.87
  7.02
  3.32
  7.36
  4.60
  3.28
  3.96
  3.10
  9.03
  2.67
  2.67
  2.73
  3.48
  3.06
  3.06
  3.19
  2.73
  4.51
  4.16
  3.89
 10.76
  3.71
  3.40
  3.40
  3.10
  4.33
  2.16
  3.63
  2.92
  2.40
  3.56
  2.62
  7.90
  9.35
  3.96
  8.28
  9.66
  7.62
  3.40
  4.81
  3.67
  2.82
  4.16
  3.56
  4.06
  2.46
  3.32
  2.16
  3.36
  3.40
  2.62
  4.06
 10.49
  3.19
  3.32
  8.04
 10.74
