Measured Diameters
  2.23
  2.78
  4.13
  3.89
 11.21
  3.01
  3.15
  8.64
  3.48
  3.40
  2.78
  3.01
  5.35
  3.71
  2.10
  2.92
  3.44
  2.03
  3.75
  3.48
  3.10
  8.39
  2.23
  3.89
  2.82
  2.78
 11.12
  3.40
  3.01
  3.89
  2.16
  8.39
  4.00
  3.52
  3.10
  2.87
  2.10
  3.63
  2.03
  4.00
 10.63
  7.12
  2.82
  3.10
  3.85
  3.60
  6.34
  4.26
  3.40
  2.92
  3.85
  3.82
  4.36
  8.41
  3.01
  3.36
  4.06
  3.01
  5.03
  4.06
  3.19
  4.81
  2.57
  4.72
  3.36
  3.82
  9.56
  3.93
  3.10
  3.36
  3.60
  3.63
  2.82
  2.82
  3.06
  9.01
  4.48
  2.67
  3.78
  2.46
  4.03
  4.10
  2.67
  6.80
  2.03
