Measured Diameters
  5.27
  3.52
  7.80
  5.22
  5.11
  4.29
  3.01
  2.78
  2.67
  2.87
  7.83
  3.71
  3.01
  3.36
  4.23
  3.40
  3.44
  4.29
  3.44
  3.63
  2.57
  3.15
  3.48
  2.87
  3.52
  2.46
  6.40
  6.34
  3.01
  3.71
  2.87
  2.29
  3.71
  2.40
  2.73
  3.23
  6.76
  3.19
  3.23
  4.78
  3.01
  3.32
  2.78
  4.36
  3.52
  4.51
  4.06
 10.67
  2.92
  4.03
  3.01
  3.40
  3.10
  2.52
  5.38
  4.57
  4.06
  5.00
  2.52
  3.93
  4.63
  3.36
  6.72
  3.75
  3.93
  2.62
  8.08
  2.57
 10.60
  3.44
  4.16
  3.28
  8.43
  3.71
  4.51
  2.87
  2.97
  4.20
  3.06
  3.19
  8.46
  5.03
  2.67
  3.63
  3.78
  4.63
  2.97
  3.32
