Measured Diameters
  3.48
  2.52
  3.75
  3.01
  3.01
  2.29
 10.28
  2.92
  2.78
  3.10
  3.63
  3.75
  3.19
  2.10
  3.63
  3.78
  4.42
  3.67
  4.13
  3.71
  3.85
  8.43
  4.00
  3.96
  5.77
  3.56
  3.28
  2.92
  2.03
  9.84
  6.70
  4.26
  2.35
  2.87
  2.40
  4.20
  3.85
  3.01
  2.35
  3.15
  3.63
  4.20
  2.57
  3.23
  3.01
  3.93
  2.16
  3.06
  2.23
  5.11
  3.32
  2.97
  2.29
  4.98
  3.32
  7.10
  4.26
  3.19
  7.89
  3.28
  3.01
  3.63
  3.56
  6.82
  8.79
  4.81
  2.92
  2.97
 10.79
  3.82
  2.82
  3.23
 11.61
  3.10
  2.82
  2.57
  8.57
  3.89
  2.78
  2.67
