Measured Diameters
  7.85
  2.73
  4.06
  3.48
  3.78
  3.19
  5.87
  8.82
  2.82
  2.78
  3.93
  3.89
  2.87
  3.85
  3.15
  3.15
  3.44
  3.01
  3.67
  3.60
  2.97
  3.10
  2.67
  4.26
  4.54
  4.03
  4.13
  3.10
  3.01
  3.36
  8.56
  3.82
  2.10
  3.23
  3.40
  3.75
  2.82
  3.40
  2.46
  4.29
  3.28
  3.01
  2.87
  3.93
  3.48
  7.00
  2.57
 10.66
  3.32
  3.71
  2.82
  4.42
  3.82
  3.71
  3.82
  3.75
  2.67
  3.40
  2.35
  3.01
  8.36
  2.23
  3.19
 10.52
  7.21
  2.62
  4.10
  3.19
  7.23
  3.10
  8.13
  3.19
  3.15
  3.06
  3.01
  2.16
  3.10
  3.60
