Measured Diameters
  2.35
  4.03
  9.33
  3.44
  3.44
  3.06
  3.36
  2.78
  3.44
  3.23
  3.01
  3.10
  3.67
  2.46
  2.87
  4.13
  2.03
  6.94
  2.78
  3.01
  3.23
  2.23
  3.23
  3.32
  3.67
  6.66
  3.56
  3.60
  8.14
  2.78
  3.93
  3.10
  2.78
  7.83
  7.51
  3.15
  2.40
  3.28
  3.60
  2.78
  8.06
  7.55
  4.60
  3.10
  2.46
  4.60
  3.85
  4.23
  4.60
  2.67
  3.75
  2.73
  7.57
  2.16
  2.03
  7.38
  4.42
  3.96
  3.56
  3.63
  3.06
  3.40
  4.39
  3.82
 10.47
  2.40
  3.19
  3.15
  2.78
  2.10
  3.67
  2.67
  2.78
  7.78
  2.92
  4.51
  8.59
  2.82
  3.75
  8.41
  7.34
  2.67
  7.38
  3.48
  3.48
  7.64
  3.63
  8.70
  2.78
  3.96
  2.92
  4.26
  3.36
  3.28
  3.19
  3.23
  2.97
