Measured Diameters
  5.32
  3.75
  2.78
  2.29
  3.32
  2.78
  3.10
  4.42
  2.92
  4.86
  3.01
  4.26
  6.07
  2.78
  3.78
  8.14
  7.82
  6.12
  2.82
  3.36
  2.40
  3.56
  2.82
  8.56
  9.28
  3.36
  5.53
  6.16
  4.29
  8.47
  5.58
  9.13
  3.23
  4.33
  2.29
  3.10
  5.60
  2.87
  6.96
  4.33
  4.95
  2.57
  7.46
  2.23
  8.01
  3.40
  2.97
  3.52
 11.36
  2.92
 10.06
  4.48
  3.63
  4.20
  3.60
  3.78
  3.82
  3.44
  4.92
  4.16
  3.28
  8.54
  7.96
  3.75
  8.34
  3.75
  3.48
  7.90
  3.56
  3.52
  2.40
  4.13
  4.84
 10.08
  6.84
  3.48
  4.39
  5.58
  3.32
  2.35
  3.40
