Measured Diameters
  3.44
  6.42
  2.35
  3.01
  7.82
  3.60
  2.35
  3.36
  3.01
  2.78
  3.10
  3.01
  2.87
  3.32
  3.28
  7.44
  2.57
  7.78
  7.44
  2.73
  2.67
  3.10
  2.62
  6.98
  2.78
  8.47
  2.40
  4.23
  2.97
  3.23
  3.82
  4.00
  7.97
  2.82
  2.10
  9.13
  6.16
  7.08
  5.43
  7.62
  3.56
  3.52
  2.10
  3.28
  3.40
  2.23
  2.87
  2.35
  3.10
  3.75
  3.48
  7.46
  5.03
  3.40
  8.09
  3.36
  3.10
  3.23
  4.89
  3.63
  2.78
  6.55
  3.10
