Measured Diameters
  3.23
  3.32
  2.52
  6.55
  3.36
  7.90
  3.19
  7.75
  2.52
  2.82
  8.19
  7.96
  3.75
  3.67
  2.73
  2.73
  3.78
  3.15
  3.10
  2.23
  2.97
  3.56
  3.32
  2.87
  2.78
  3.40
  2.97
  2.73
  3.48
  3.36
  3.71
  7.82
  2.62
  3.01
  4.89
  2.82
  9.46
  3.52
  3.36
  2.97
  2.73
  2.10
  2.46
  3.48
  2.92
  7.87
  2.67
  2.97
  3.63
  3.71
  2.35
  3.52
 10.44
  3.78
  3.40
 11.30
  3.44
  3.28
  3.19
  3.96
  3.28
  3.10
  3.23
  3.19
  2.57
  3.63
  2.97
  3.23
  2.82
  3.63
  3.56
  3.60
  6.70
  4.36
  3.67
  3.67
