Measured Diameters
  4.10
  3.48
  2.87
  2.92
  7.58
  2.87
  3.44
  2.10
  3.71
  3.23
  5.58
  7.23
  2.62
  7.36
  2.78
  9.41
  2.62
  3.96
  3.15
  2.52
  2.57
  4.16
  7.31
  6.23
  3.28
  2.78
  3.32
  2.23
  3.32
  2.16
  2.67
  3.06
  7.51
  3.52
  2.92
  2.40
  3.67
  7.62
  3.48
  3.78
  3.23
  6.96
  8.54
  3.01
  4.03
  2.82
  4.60
  3.89
  3.89
  2.97
  4.75
  2.92
 12.08
  3.67
  5.58
  3.78
  2.78
  3.75
  3.19
  4.29
  7.27
  9.06
  3.23
  3.60
  3.67
  3.56
  2.73
  2.73
  4.20
  3.01
  3.15
  4.10
  4.06
  2.40
  4.66
  3.71
  2.29
  3.36
  4.23
  4.95
  3.44
  3.78
  4.23
  3.19
  2.52
  2.03
  3.63
  4.33
  2.16
  4.16
  3.60
  3.19
  8.70
  7.49
  3.44
  9.84
  3.60
  3.36
  2.16
  2.67
  3.71
  3.71
  3.75
