Measured Diameters
  6.90
  2.62
  5.27
  2.97
  3.40
  3.60
  8.72
  3.23
  3.32
  2.73
  2.52
  2.57
  3.01
  5.82
  3.01
  2.35
  2.16
  2.67
  3.01
  6.18
  3.23
  2.35
  3.15
  3.10
  3.89
 11.94
  3.06
  2.78
  2.78
  3.10
  3.44
  3.23
  2.35
  3.52
  3.71
  3.32
  3.06
  3.44
  2.97
  5.72
  2.82
  3.52
  2.82
  8.11
  2.16
  3.93
  8.93
  6.12
  7.53
  2.16
  3.01
  3.40
  3.06
  5.53
  3.48
  2.10
  3.71
  9.40
  2.78
  2.62
  2.62
  2.57
  2.92
  3.82
  2.67
  5.72
  3.15
  8.21
  3.15
  2.35
  2.62
  2.92
  4.13
  4.00
  9.40
  3.93
  4.33
  5.98
  4.42
  3.01
