Measured Diameters
  2.97
  8.52
  2.87
  3.78
  2.82
 11.32
  6.86
  2.35
  2.73
  3.23
  2.82
  3.48
  3.93
  3.06
  3.01
  2.92
  2.97
  2.87
  2.35
  2.16
  2.29
  6.72
  3.52
  5.93
  6.64
  3.01
  6.42
  5.93
  2.03
  2.67
  2.16
  3.63
  2.97
  2.10
  2.78
  3.48
  3.32
  2.82
  3.23
  2.78
  2.92
  3.28
  2.40
  2.87
  2.87
  6.45
  2.46
  3.36
  3.78
  4.03
  2.67
  7.12
  2.78
  2.92
  2.23
  3.15
  3.28
  2.40
  3.01
  3.36
  3.06
  3.40
  3.15
  2.40
  2.87
  2.78
  3.10
  3.52
  7.21
  3.56
  3.28
  3.78
  2.62
  2.73
