Measured Diameters
  3.60
  2.57
  7.27
  2.03
  3.60
  3.32
  2.62
  2.62
  5.11
  2.16
  3.15
  2.46
  2.52
  2.35
  2.23
  2.82
  3.28
  6.25
  3.67
  2.73
  2.73
  2.46
  3.89
  9.37
 10.99
  2.78
  2.82
  7.21
  3.60
  3.28
  2.46
  2.35
  5.45
  3.15
  2.52
  3.52
  3.93
  3.96
  2.23
  4.00
  3.15
  2.16
  4.26
  2.29
 13.29
  3.40
  8.87
  3.32
  2.62
  3.06
  4.75
  3.06
  4.06
  6.78
  3.28
  2.67
  8.04
  3.10
  6.05
  3.40
  3.01
  3.10
  4.78
  2.52
  4.00
  3.06
  4.13
  3.19
  2.23
  2.82
  2.73
  2.97
  3.96
  2.23
  2.87
  2.16
  5.00
  2.57
  4.03
  2.52
  5.00
  3.32
  5.27
 11.31
  2.87
  2.92
  2.03
