Measured Diameters
  9.66
  6.36
  2.78
  3.71
  8.70
  3.63
  4.23
 10.32
 11.73
  2.03
  2.10
  3.67
  2.23
  6.29
  3.52
 13.11
  2.46
  3.06
 11.38
  5.40
 11.79
  3.48
  2.16
  8.26
  3.19
  4.45
 10.27
  4.75
  5.22
  3.01
  4.51
  2.57
  5.50
 13.82
  9.62
  3.32
 12.39
  2.40
  5.00
  4.20
  3.15
  4.20
  6.59
  2.46
  6.66
  4.89
  4.26
  3.28
  3.44
  2.78
  2.73
  2.35
  2.10
  8.23
 10.20
  2.10
  2.73
  9.24
  2.62
  2.29
  3.75
  3.19
  8.14
  2.57
  3.63
  2.03
  3.82
 11.13
