Measured Diameters
  3.15
  2.87
  3.23
  3.63
  3.36
  2.87
  3.56
  2.78
  3.52
  4.16
  4.03
  7.25
  6.40
  2.46
  3.23
  4.13
  3.15
  2.57
  4.36
  2.92
  2.52
  3.96
  3.67
  2.46
  2.92
  3.19
  4.51
  3.52
  5.58
  3.01
  3.23
  2.97
  3.93
  2.46
  2.62
  2.82
  2.62
  6.25
  3.23
  2.62
  2.52
  4.75
  3.48
  3.82
  2.82
  4.45
  3.06
  3.93
  3.10
  4.42
  2.92
  2.16
  3.15
  3.44
  2.82
  2.97
  3.23
  3.28
  2.67
  4.10
  3.01
  3.10
  3.10
  3.82
  3.89
  7.60
  2.97
  7.06
  3.63
  3.52
  3.44
  4.72
  2.97
  2.82
  2.16
  7.12
  3.32
  4.06
  3.85
  4.45
  4.06
  3.01
  3.75
  9.34
  3.19
  3.23
  3.01
  3.52
  3.01
  7.83
  6.76
  2.87
  2.46
  3.15
  3.48
  3.60
  4.57
  4.78
