Measured Diameters
  7.49
  2.03
  6.25
  4.81
  5.11
  2.92
 10.41
  6.16
  4.33
  5.14
  3.23
  2.67
  3.01
  3.40
  3.40
  3.44
  3.36
  4.29
  9.16
  4.06
  6.36
  9.64
  5.82
  2.87
  7.90
  2.23
  9.66
  3.19
  2.92
  3.23
  3.71
  8.49
  2.82
  2.67
 10.14
  5.14
  3.19
  9.24
  3.32
  4.03
  3.44
  6.72
  7.12
  2.29
  4.26
  3.10
 10.02
  3.01
  3.63
  4.66
  4.39
  6.40
  3.23
  9.56
  3.75
  2.78
  3.40
  3.01
  3.23
  2.16
  4.33
  2.62
  4.26
  2.78
  6.36
  2.82
  2.97
  3.89
  2.97
  3.60
  4.39
  3.15
 14.78
  3.01
  8.23
  3.67
  5.58
  3.19
  2.52
  9.94
  3.44
  3.40
