Measured Diameters
  2.35
  3.56
  3.44
  5.06
  2.87
  2.87
  3.67
  7.33
  4.06
  4.78
  4.00
  3.96
  2.87
  3.32
  4.26
  2.92
  2.82
  6.64
  3.40
  8.13
  4.57
  4.10
  2.29
  5.22
  2.92
  9.49
  2.10
  4.26
  2.82
  3.60
  2.10
  3.71
  4.03
  3.63
  3.56
  2.03
  3.15
  8.82
  4.06
  2.03
  2.67
  4.36
  2.03
  2.73
  4.78
  3.48
  3.67
  2.57
  5.35
  8.75
  6.23
  7.96
  3.60
  3.32
  7.57
  2.29
  3.85
  3.28
  4.45
  3.01
  2.46
  3.32
  5.70
  2.10
  8.54
  2.97
  2.82
  2.29
  7.40
  7.06
  4.06
  2.73
  3.36
