Measured Diameters
  3.89
  2.23
  2.16
  2.23
  3.93
  3.10
  3.60
  4.98
  3.15
  3.67
  8.56
  2.40
  3.23
  3.67
  6.74
  3.40
  2.46
  3.67
  2.78
  2.46
  3.32
  2.46
  2.29
  2.52
  2.82
  3.06
  3.10
  4.54
  2.46
 11.37
  4.03
  7.02
  3.01
  3.44
  4.75
  3.01
  3.93
  7.15
  2.97
  3.63
  2.82
  2.29
  3.40
  3.01
  3.19
  3.40
  3.32
  2.97
  3.01
  3.15
  3.01
  3.60
  3.93
  3.10
 10.16
  3.32
  2.62
  2.73
  3.96
  3.78
  2.29
  2.82
  3.48
  2.78
  3.06
  4.72
  3.56
  2.46
  3.52
  3.15
  4.10
  2.67
  2.62
  3.10
  3.63
  9.34
  3.82
  6.18
  3.93
  3.32
  3.06
  7.94
  3.56
  3.19
  8.79
  2.16
  2.16
  2.78
