Measured Diameters
  8.02
  7.38
  2.29
  2.03
  4.45
  5.14
  6.90
  3.44
  2.92
  3.56
  3.85
  3.52
  3.15
  2.78
  3.15
  9.12
  2.67
  3.67
  3.67
  3.56
  4.00
  2.52
  3.75
  3.52
  3.56
 11.81
  3.32
  4.13
  2.62
  2.92
  2.73
  3.48
  3.67
  2.87
  4.33
  3.06
  3.23
  4.03
  2.62
  2.40
  3.52
  3.06
  2.87
  2.62
  3.56
  3.48
  3.19
  3.19
  3.36
  3.89
  2.97
  2.40
  7.29
  3.28
  3.01
  3.32
  8.95
  6.34
  3.63
  2.35
  5.93
  3.75
  3.19
  3.40
  3.48
  2.57
  3.52
  2.87
  2.52
  2.62
  7.27
  2.52
  4.03
  3.48
 11.65
  3.10
  3.23
  2.92
  3.19
  2.97
  3.82
  7.51
  3.32
