Measured Diameters
 10.76
  2.52
  3.32
  3.23
  3.75
  3.36
  4.42
  2.97
  2.97
  2.57
  2.62
  3.19
  3.19
  2.97
  4.00
  3.60
  3.52
  8.90
  4.72
  2.57
  4.26
  3.01
 12.61
  3.15
  2.73
  3.23
  3.15
  2.78
  2.40
  2.87
  5.89
  2.73
  3.56
  2.87
  2.03
  2.92
  3.89
  2.62
  3.28
  3.78
  4.20
  3.63
  4.16
  3.15
  2.67
  3.28
  2.57
  2.82
  3.19
  3.67
  9.62
  2.87
  3.82
  3.36
  3.23
  3.01
  2.29
  3.63
  3.48
  3.15
  6.98
  3.40
  2.16
  2.29
  3.93
  2.73
  3.15
  3.23
  2.23
  5.38
  3.78
  9.53
  3.82
  3.85
  2.35
