Measured Diameters
  5.63
  3.10
  3.28
  2.97
  3.93
  2.46
  2.46
  3.28
  5.67
  2.82
  6.36
  2.46
  2.67
  4.20
  2.78
  2.82
  2.67
  5.27
  2.82
  2.82
  2.40
  8.02
  4.13
  3.23
  2.46
  3.75
  6.59
  3.44
  3.32
  3.36
  3.44
  5.09
  3.23
  3.85
  3.71
  2.78
  3.19
  2.92
  6.53
  5.72
  5.58
  2.78
  5.03
 11.73
  2.03
  6.82
  2.35
  7.75
  2.67
  6.66
  3.19
  4.16
  3.10
  3.06
  7.85
  3.10
 10.70
  2.92
  2.92
  2.97
  3.67
  3.78
  3.23
  2.87
  3.82
  3.48
  2.82
  3.60
  3.60
  3.63
  2.87
  3.71
  3.89
  2.82
  2.57
  5.65
  3.28
  3.28
  4.51
  8.34
  2.97
  2.92
  3.67
  4.39
  2.97
  3.40
  9.62
  2.92
  4.51
  8.56
  4.06
  2.67
  4.36
  8.47
  2.52
  3.19
  2.73
  3.06
  2.62
  3.32
  3.40
  2.35
