Measured Diameters
  3.63
  3.40
  2.57
  3.28
  2.35
  2.16
  3.10
  3.06
  5.35
  2.62
  9.28
  3.71
  6.66
  8.02
  6.78
  6.45
  9.64
  2.46
  2.16
  4.16
  2.52
  7.62
  2.87
  3.93
  3.15
  2.03
 11.84
  8.46
  2.29
  4.42
  8.72
  3.10
  2.03
 10.10
 10.13
  2.03
  3.28
  3.36
  9.13
  3.75
  4.39
  2.67
  3.82
  2.29
  3.23
  2.62
  3.78
 10.61
  3.06
  4.86
  2.57
  9.53
  4.20
  4.63
  3.63
  2.52
  3.56
  9.04
  3.32
 12.26
  2.57
  4.33
  2.73
  3.44
  2.67
  2.29
 11.61
  2.92
  3.15
 14.09
  2.97
  4.69
  2.78
  2.87
  5.65
  5.91
  3.10
  6.66
  3.44
  3.19
  2.92
  7.97
  2.52
  3.06
  2.57
  2.52
  4.45
  3.19
  2.97
  3.44
  9.64
  5.67
  5.09
  3.10
  4.42
  2.52
  6.66
  3.10
  3.78
  3.40
  2.67
  4.75
  2.03
