Measured Diameters
  7.27
  3.63
  2.35
  2.16
  3.36
  3.06
  3.40
  2.57
  3.44
  2.62
  3.32
  4.51
  2.03
  4.00
  3.71
  4.06
  3.52
  2.57
  9.57
  4.39
  3.63
 10.47
  2.03
  2.03
  3.23
  9.18
 10.06
  3.23
  2.82
  6.32
  4.23
  3.15
  4.20
  2.82
  2.23
  3.75
  2.97
  3.93
  3.93
  9.43
  3.23
  2.29
  2.73
 11.10
  8.68
  3.01
 10.53
  2.52
  4.72
  6.80
  4.16
  5.00
  9.30
  9.74
  3.48
  9.13
  4.33
  2.87
  2.35
  2.16
  4.89
  4.45
  9.57
  2.92
  7.66
  8.11
  6.18
  2.03
  2.35
  3.10
  2.52
  3.01
  3.67
  3.10
  2.92
  6.12
  3.44
  2.35
  2.57
  8.54
  4.36
  6.96
  2.40
  5.03
  3.52
 10.53
