Measured Diameters
  2.16
  2.23
  2.57
  2.87
  3.82
  4.75
  2.29
  7.82
  2.92
  5.50
  2.87
  2.78
  2.82
  4.23
  7.67
  4.42
  3.36
  6.96
  6.86
  2.03
  2.92
  3.15
  4.60
  4.92
  3.06
  6.07
  8.08
 14.53
  3.96
  8.28
 11.10
  3.60
  4.57
  2.40
 11.36
  9.54
  4.26
  3.23
  3.28
  2.67
 10.53
  3.89
  2.03
 12.79
  2.67
  8.19
  2.87
  3.63
  2.67
  2.73
 12.79
  3.71
  4.16
  2.78
  9.04
  2.97
  3.28
  2.78
  9.74
  3.85
  3.85
  3.60
  2.92
  9.21
  2.78
  5.11
  2.29
  3.19
  2.87
  9.84
  3.96
  3.52
  3.32
  2.82
 11.35
  3.15
  2.62
  5.50
  3.89
