Measured Diameters
  3.06
  3.96
  6.05
  3.89
  3.44
  8.92
  2.62
  7.60
  2.82
  7.64
  3.56
  2.16
  3.06
  3.40
  7.66
  2.97
  8.90
  3.52
  4.00
  2.97
  6.88
  2.87
  3.40
  3.15
  2.23
  7.25
  3.67
  6.12
  3.63
  7.64
  3.10
  3.71
  3.63
  5.65
  2.67
  3.56
  3.15
  8.28
  7.75
  2.73
  8.81
  2.78
 10.58
  4.36
  7.06
  2.82
  3.48
  2.52
  3.96
  4.33
  2.62
  2.67
  3.19
  2.92
  3.10
  4.13
  5.22
  3.15
  3.01
  3.06
  3.36
  7.17
  3.48
  8.79
  3.32
  2.40
  3.01
  2.46
  2.29
  8.41
  2.73
  8.56
  2.82
  3.15
  3.78
  3.36
  2.82
  2.57
  4.00
  3.36
  2.62
  3.01
  3.40
  3.60
  3.01
  2.62
  3.06
  2.92
  3.75
  4.81
  2.78
  3.71
  8.29
