Measured Diameters
  4.26
  4.48
  3.10
  3.19
  3.40
  2.62
  8.65
  3.19
  4.36
  8.39
  3.67
 10.39
  4.20
  3.63
  3.48
  2.16
  2.78
  4.60
  2.87
  3.40
  2.03
 12.98
  7.10
  4.29
  2.16
  7.96
  2.35
  3.63
  4.00
  7.38
 11.07
  3.93
  5.77
  3.06
  3.10
  3.44
  5.40
  3.60
  8.24
  3.15
  7.53
  3.32
  4.20
  3.23
  2.87
  4.16
  4.00
  2.92
  2.82
  3.78
  7.89
  2.87
  3.85
  2.40
  3.75
  3.10
  2.16
  3.60
  5.87
  3.32
