Measured Diameters
  4.20
  2.35
  2.29
  2.78
  2.35
  3.67
  2.87
  2.73
 10.39
  4.00
  2.73
  3.06
  2.35
  3.71
  8.01
  3.93
  2.16
  3.93
  9.16
  2.73
  2.35
  3.01
  2.67
  4.10
  2.16
  4.10
  3.56
  5.77
  5.70
  2.97
  3.60
  2.82
  2.35
  2.23
  4.03
  7.46
  3.28
  3.60
  2.73
  8.59
  3.40
  3.78
  2.92
  3.28
  3.56
  3.23
  9.30
  2.03
 15.03
  2.67
  3.36
  2.82
  2.16
  3.10
  6.66
  4.03
  3.10
  6.51
  3.85
  3.56
  3.82
  2.52
  3.23
  2.16
  4.16
  4.81
  2.78
  3.52
  3.93
  6.23
  3.36
  3.06
  3.32
  3.89
  9.98
  2.10
  3.48
  4.92
  2.46
  2.67
  3.32
  3.32
  2.67
  3.06
  3.06
  3.78
  3.15
  7.27
  3.15
  2.23
  2.78
  3.10
  9.18
  3.23
  3.01
  6.32
