Measured Diameters
  7.94
  4.03
  9.84
  3.52
  4.78
  2.97
  2.73
 12.67
  2.16
  3.48
  2.92
  3.15
  3.10
  3.36
  3.01
  2.78
  2.40
  3.56
  3.23
  7.19
 10.76
  3.67
  4.39
  2.97
  3.28
  2.78
  4.03
  2.52
  2.16
  3.28
  2.62
  3.36
  2.97
  5.25
  3.48
  3.67
  2.57
  9.57
  3.96
  2.57
  2.35
  3.32
  3.56
  2.82
  3.60
  7.36
  3.06
  3.85
  3.36
  2.87
  3.19
  8.93
  2.82
  4.86
  2.35
  3.28
  2.35
  4.84
  3.01
  3.44
  3.89
  6.27
  3.23
  3.63
  2.73
  3.36
  2.78
  3.85
  3.23
  7.34
  3.36
  3.28
  7.51
  3.44
  3.36
  3.36
  3.28
  2.67
  3.32
  3.06
  2.62
  3.28
  3.36
  2.62
  9.99
  7.36
  3.40
  3.60
  3.36
  2.73
  2.62
  2.73
  3.85
  2.57
  2.62
