Measured Diameters
  5.14
  2.57
  2.46
  2.73
  2.73
  2.52
  3.15
  2.40
  3.63
  2.35
  4.66
  6.96
  2.57
  3.67
  6.82
  2.67
  2.40
  3.23
  2.67
  3.96
  2.52
  4.03
  9.35
  8.44
  3.32
  2.73
  2.78
  4.98
  4.36
  4.06
  3.19
  3.67
  3.15
  5.89
  2.73
  9.28
  3.40
  2.03
  4.13
 13.69
  4.36
  3.63
  4.23
  3.96
  3.63
 10.27
  3.93
  3.93
  3.52
  2.92
  3.67
  2.46
  3.78
  3.01
  2.40
  9.97
  7.80
  4.95
  2.62
  9.93
  2.10
  6.25
  2.82
  2.73
  2.35
  3.48
  2.46
  3.23
  2.52
  7.62
  4.39
  3.19
  3.36
 10.80
  5.25
  4.36
  7.82
  2.87
  4.69
  3.23
  2.92
  3.82
  3.48
