Measured Diameters
  2.10
  3.63
  2.73
  2.73
  2.82
  9.30
  4.63
  2.03
  2.78
  8.70
  3.15
  2.35
  3.75
  5.40
  2.03
 13.36
  2.52
  2.67
 13.16
  2.62
  2.62
  3.52
  4.75
  4.60
  4.20
 13.63
  9.79
  2.67
  3.93
  3.28
  4.42
  2.87
  2.40
  2.67
  2.73
  2.40
  2.62
  3.75
  4.00
  3.44
  2.62
  2.03
  5.89
 10.78
  2.23
  3.60
 10.04
 10.19
  3.40
  2.57
  2.87
  2.29
  3.48
  2.23
  8.92
  2.10
  2.67
  3.10
  2.35
  3.28
  9.19
 13.23
  3.60
  3.23
  6.34
  2.29
  3.75
  3.67
  9.53
  2.82
  4.16
  3.28
