Measured Diameters
  4.06
  3.06
  2.40
  3.32
  3.60
  2.82
  3.44
  4.16
 14.33
  3.15
  7.71
  3.01
  2.97
  7.78
  3.06
  2.92
 14.58
  3.40
  3.44
 12.67
  2.87
  9.52
  3.23
  2.78
  4.89
  2.67
  2.52
  2.67
  5.19
  3.82
  4.13
  3.44
  2.29
  3.32
  2.62
  3.40
  5.03
 14.06
  8.99
  2.52
  2.73
  6.16
  2.03
  3.15
  2.46
  3.23
  3.15
 11.28
  2.52
 11.02
  4.39
  8.02
 12.88
  8.14
  3.52
  3.75
  3.93
 10.75
  2.62
  6.82
  4.57
  7.34
  2.97
  4.33
  3.60
  2.92
  7.36
  6.98
  2.87
  3.71
  2.23
  3.28
  3.10
  2.82
  8.06
  4.16
  2.40
  4.20
 10.02
  2.67
  4.69
  3.93
  3.28
  3.89
  2.10
