Measured Diameters
  2.67
  3.56
  2.29
  2.23
  2.10
 10.58
  2.92
  7.23
  2.97
  8.51
  2.35
  3.32
 11.92
  3.75
  3.32
  2.35
  2.23
  4.39
  7.08
  2.78
  2.52
  2.23
  2.46
  3.06
  2.82
  3.23
  3.60
  3.52
  4.03
  4.20
  6.36
  3.71
  2.62
  3.56
  2.10
  4.06
  6.21
  2.16
  2.97
  3.15
  8.43
  3.19
  2.46
  4.00
  2.10
  2.97
  2.35
  4.36
  9.95
 12.58
  3.06
  3.15
  3.23
  3.15
  2.67
  2.67
  2.97
  3.63
  2.52
  4.45
  3.36
  7.38
  3.19
  2.10
  2.82
  3.32
  5.22
  3.71
  3.60
  3.48
  3.44
  8.87
  3.48
  3.85
 12.37
  4.86
