Measured Diameters
  2.62
  7.62
  2.35
  7.78
  5.45
  2.78
  3.40
  3.40
  3.15
  3.28
  2.97
  2.62
  4.54
  2.29
  4.06
  4.84
  2.35
  2.16
  2.97
  3.32
  3.40
  4.81
  4.10
  4.54
  3.93
  3.63
  6.94
  3.60
  7.15
  3.67
  4.78
  2.46
  3.48
  2.87
  2.52
  2.52
  3.78
  3.15
  3.93
  2.40
  4.26
  6.82
  3.01
  3.96
  3.32
  4.42
  3.10
  7.49
  2.67
  2.23
  3.06
  2.10
  2.52
  4.36
  3.82
  2.16
  3.44
  2.73
  3.10
  7.06
  2.78
  3.78
  2.78
  3.19
  8.09
  4.13
  3.89
  3.01
  9.59
  4.13
  3.63
  3.48
  2.57
  5.38
  2.82
  4.29
  3.15
  3.19
  4.84
  9.07
  3.44
  2.03
  3.63
  6.32
  2.46
  3.93
  2.82
  3.10
  3.10
  2.03
  4.06
