Measured Diameters
  3.15
  2.29
  2.92
  8.24
  3.36
  3.67
  2.46
  3.23
  3.06
  2.78
  8.75
  2.16
  3.01
  3.32
  2.62
  2.35
  9.09
  2.40
  3.48
  2.67
  2.73
  7.73
  3.93
  9.38
  3.15
  2.10
  8.70
  3.56
  3.19
  4.86
  4.10
  2.62
  3.28
  3.60
  4.03
  3.60
  2.46
  3.48
  8.24
  7.57
 12.09
  3.06
  2.29
  2.29
  2.73
  2.52
  4.10
  2.97
  2.87
  2.23
  2.97
  2.16
  2.73
  3.28
  3.48
  4.23
  4.33
  7.40
  3.28
  3.40
  2.40
  2.87
  4.00
