Measured Diameters
  2.23
  6.74
  3.71
  2.35
  2.40
  5.65
  2.10
  7.58
  2.57
  4.20
  2.03
  7.10
  4.36
  3.85
  7.66
  2.46
  3.89
  5.50
  5.79
 10.58
  2.97
  3.36
  3.06
  5.79
  2.35
  2.92
  4.16
  2.46
  3.28
  3.48
  9.90
  3.71
  3.40
  2.67
  9.93
  2.46
  3.28
  2.78
  2.10
 13.08
  3.10
 11.78
  2.73
  4.39
  2.78
  3.48
  4.60
  2.10
  2.73
  2.57
  4.89
  3.44
  2.62
  2.16
  3.85
  8.98
  2.10
  7.96
  2.10
  3.40
  2.29
  7.17
  2.35
  2.87
  2.10
  9.84
  3.48
  5.22
  7.14
  3.32
  3.56
  4.75
  3.44
  2.23
  2.10
  4.23
 16.05
  9.69
