Measured Diameters
  2.92
 10.58
  3.75
  7.47
  2.16
  2.97
  3.32
  2.23
  3.63
  2.52
  3.52
  4.98
 13.99
  2.23
  4.06
  2.82
 11.77
  3.10
  3.82
  3.48
  3.40
  3.01
  6.21
 15.86
  2.23
 12.48
  3.52
  4.39
  2.92
  2.35
  5.25
 17.77
  3.56
  6.34
  3.75
  7.14
  3.75
  3.01
  3.23
  3.89
  5.48
  2.92
  2.57
  2.52
  2.87
  3.36
  2.87
  2.03
  5.00
  3.19
  2.35
 13.28
  3.36
 12.42
  2.97
  2.23
  7.23
  5.35
  2.23
  3.56
  4.81
  4.23
  3.60
  3.06
