Measured Diameters
  3.19
 18.75
  4.72
  9.72
  7.82
  5.45
  7.87
  8.33
  3.36
 10.08
  7.89
  2.92
  2.40
  2.23
 11.74
 11.82
  2.87
  7.97
  5.17
  4.86
  4.26
  4.57
  4.06
  7.00
  2.82
  8.49
  3.96
  8.96
  6.55
  9.43
  3.32
  2.35
  3.10
 10.65
  4.36
 17.11
  3.32
  3.48
  3.48
  3.01
  2.03
  3.56
  3.32
  8.90
 14.11
  9.88
  2.92
  3.28
  3.89
  9.03
  3.63
  2.40
 12.05
 10.28
  2.97
  3.06
  2.62
  2.23
  4.84
  2.10
  2.29
  3.23
  2.92
 11.18
  4.66
  4.03
  2.29
