Measured Diameters
  2.67
  4.63
  2.97
  4.81
  2.35
  3.06
  2.97
  8.24
  9.57
  2.52
  2.29
  3.06
  2.62
  3.06
  3.48
  3.19
  2.92
  3.06
  2.10
  2.52
  2.97
  3.67
  3.75
  3.96
  2.29
  2.23
  2.73
 13.78
  8.16
  7.44
  9.79
  4.98
  3.89
  3.36
  3.82
  3.60
  4.36
  7.96
  4.13
  3.15
  2.67
  4.10
  3.48
  3.48
  7.89
  2.52
  3.52
  2.92
  8.47
  5.48
  2.92
  2.03
  8.51
  4.16
  3.78
  2.16
  2.87
 10.16
  2.35
  2.23
  7.17
  7.76
  9.98
  3.23
  7.08
  3.60
  3.48
  4.36
  2.16
  2.87
  4.13
  3.60
  3.19
  3.93
  4.57
  5.03
 10.97
  2.40
  3.06
  2.62
  2.73
  5.17
  3.96
  8.44
  2.52
  2.03
  4.48
  3.63
  2.35
  3.15
  3.44
  3.32
  2.57
  2.73
  3.15
  2.62
  4.78
