Measured Diameters
  3.75
  2.73
  2.62
  2.87
 12.09
  5.48
  6.16
  3.78
  2.46
  8.52
  3.10
  2.67
  3.28
  3.01
  8.09
  2.35
  2.03
  3.52
  2.78
  2.92
  3.56
  2.87
  3.15
  2.87
  2.62
  2.35
  3.15
  2.67
  2.67
  3.06
  2.62
  7.94
  2.23
  2.16
  2.78
  2.35
  3.48
  4.54
  3.01
  2.46
  3.48
  2.03
  7.82
  2.23
  3.23
  4.06
  5.75
  2.46
  2.40
  2.10
  8.93
 10.70
  2.16
  3.01
  3.60
  2.92
  3.28
  3.67
  2.92
 21.62
  7.67
  3.63
  2.87
  3.52
  5.75
  8.43
  3.60
  2.73
  8.81
  6.42
  7.87
  6.53
  3.67
  2.82
  2.52
  3.10
  2.23
  2.78
  3.15
  3.56
  2.52
