Measured Diameters
  4.60
  2.29
  3.28
  3.15
  2.23
  3.10
  3.01
  2.40
  3.06
  3.71
  2.62
 12.07
  3.44
  7.73
  4.42
  4.10
  7.87
  5.82
  2.92
  3.63
  3.01
  2.82
  2.16
  2.92
  2.52
  2.67
  3.36
  8.29
  3.23
 11.84
  3.60
  2.73
  3.10
  2.40
  4.60
  3.36
  2.46
  3.75
  3.40
  3.56
  2.46
  2.52
  7.97
  2.67
  3.56
  3.01
  7.31
  2.97
  4.13
  3.63
  4.81
  8.38
  3.71
  6.38
  3.28
  4.00
  3.19
  8.59
  3.93
  3.40
  8.34
  3.44
  6.23
  5.38
  3.82
 10.36
  2.23
  2.92
  4.20
  4.86
  2.40
  9.33
  5.70
  2.29
  3.78
  2.97
  3.01
  2.78
  3.63
  3.06
  2.67
  3.36
  3.10
  3.96
  2.87
  2.62
  3.71
  3.19
  7.83
  5.17
  3.28
  3.85
  2.67
  3.60
  3.96
  3.19
  2.46
