Measured Diameters
  2.52
  2.87
  3.32
  7.47
  3.40
  3.01
  3.89
  2.52
  4.10
  6.74
  5.43
  2.62
  7.57
  2.67
  4.06
 11.68
  3.48
  4.72
  2.52
  5.03
  7.80
  3.48
  2.57
  2.23
  4.60
  4.00
  2.40
  5.89
  2.40
  3.89
  8.87
  3.32
  2.52
  3.52
  2.87
  4.36
  4.03
  8.89
  8.84
 10.90
  4.00
  2.78
  4.20
 10.84
  3.28
  4.95
  3.56
  3.48
 11.80
  8.72
  2.16
  2.52
  8.33
  4.63
  3.15
  2.57
 12.61
  2.73
  2.23
  3.28
  7.08
  3.28
  2.23
  7.49
  3.06
  2.23
  4.66
  2.10
  4.13
  3.82
  2.97
  2.67
  3.48
  3.23
  3.19
  5.22
  2.67
