Measured Diameters
  2.92
  9.52
  3.52
  3.15
  7.90
  9.03
  5.14
  3.28
  2.62
  3.52
  2.73
  2.73
  2.10
  3.60
  2.62
  2.57
  9.03
  7.80
  4.13
  3.40
  2.87
  7.38
  2.92
  2.82
  3.15
  3.15
  4.13
  2.73
  3.82
  2.57
  7.82
  7.34
  3.48
  2.29
  2.92
  4.00
  8.04
  2.46
  7.10
  2.73
  3.63
  3.56
  5.53
  3.28
  5.35
  4.03
  5.32
  3.44
  3.71
  3.06
  3.40
  3.01
  3.15
  6.10
  3.44
  2.82
  8.08
  3.44
  3.82
  3.78
  3.32
  3.75
  7.14
  2.87
  3.93
  3.28
  2.67
  2.67
  4.29
  2.10
  2.97
  3.32
  3.19
  3.82
  3.32
  2.87
  5.60
  3.60
  3.40
  2.23
  3.56
  7.94
  4.20
  3.28
  3.36
  3.60
  4.00
  2.67
  2.73
  2.40
  3.40
  4.03
