Measured Diameters
  3.10
 10.43
  2.57
  3.15
  3.93
  2.57
  2.16
  2.03
  3.40
  3.44
  3.71
  3.52
  2.46
  4.45
  5.17
  9.52
  3.96
  2.97
  6.98
  3.36
  2.82
  3.40
  8.54
  3.40
  2.35
  4.42
  3.85
  3.40
  3.15
  7.67
  7.02
  3.15
  2.35
  2.78
  8.44
  3.23
  3.36
  3.67
  3.23
  3.56
  2.29
  3.06
  3.23
  2.82
  4.00
  3.67
  2.29
  8.23
  3.15
  7.90
  3.15
  8.82
  7.42
  3.48
  6.88
  2.23
  5.93
  3.15
  2.62
  3.67
  3.48
  2.23
  7.08
  3.10
  7.92
  3.06
  3.23
  4.33
  3.06
  2.87
  7.40
  2.97
