Measured Diameters
  3.01
  3.32
  2.23
  2.73
  2.35
  3.19
  4.72
 10.17
  2.40
  3.56
  3.10
  3.75
  3.44
  6.00
  5.00
  2.87
 10.69
  2.46
  2.62
  2.52
  3.56
  2.40
  3.23
  4.66
  4.16
  2.29
  4.36
  8.23
  2.73
  3.23
  3.23
  5.09
  7.17
  3.93
 10.49
  9.27
  2.73
  3.63
  3.06
  3.01
  3.75
  3.56
  2.35
  5.32
  3.01
  2.97
  8.06
  5.11
  4.03
  3.40
  2.57
 13.06
  3.82
  3.75
  2.16
  3.23
  9.54
  3.44
  2.62
  3.48
  3.52
  3.96
  2.78
  3.71
  2.35
  2.87
  4.51
  2.52
  2.16
  3.23
  9.34
  7.73
  3.19
  2.16
  7.97
  3.56
  2.29
  3.23
  3.40
  3.19
  2.40
  4.13
  3.82
  3.01
  3.71
  2.92
  2.82
  2.62
  7.46
  2.46
  3.75
  4.36
 11.09
  3.63
  3.60
  2.35
