Measured Diameters
  3.01
  2.87
  2.40
  5.09
  2.03
  3.63
  2.52
  4.36
  2.82
  3.56
  3.10
  9.99
  2.23
  3.44
  5.14
  3.23
  2.23
  2.87
  9.79
  3.06
  3.85
  4.63
  2.62
  8.67
  3.06
 12.38
  3.96
  2.35
  2.16
  2.52
  4.20
  2.73
  2.03
  4.03
  2.35
  2.87
  2.52
  3.15
  2.29
  8.46
  3.15
  2.57
  3.56
  7.99
  2.62
  2.82
  4.92
  3.15
  2.03
  2.23
  3.10
  3.01
  2.23
  3.63
  2.52
  3.85
 12.54
 10.45
  3.67
  2.82
  2.62
  2.62
  6.12
  2.35
  7.40
  3.44
  2.57
  3.40
  2.29
  2.46
  2.16
  2.97
  3.40
  2.67
  4.89
  2.35
  2.46
  6.90
