Measured Diameters
  9.63
  3.82
  2.62
  4.72
  2.16
  3.40
  3.44
  3.44
  3.75
  3.32
  6.51
 12.28
  3.67
  3.67
  7.87
  3.10
  3.10
  8.68
  3.28
  3.71
  2.97
  3.06
  3.75
  2.67
  3.78
  3.82
  3.78
  4.60
  2.87
  9.80
  3.78
  3.36
  2.52
  9.18
  3.89
  3.48
  3.06
  9.74
  2.29
  3.56
  2.92
  3.15
  5.87
  3.28
  7.42
  2.82
  4.66
  2.78
  2.35
  3.96
  2.10
  3.23
  3.36
  8.73
  2.73
  2.16
  2.52
  3.01
  3.32
  7.92
  2.46
  2.03
  2.67
  3.52
  3.71
  3.56
  2.57
  2.82
  2.57
  4.92
  2.92
  2.97
  3.75
  3.23
 14.66
  7.69
  4.00
  2.67
  5.53
