Measured Diameters
  2.73
  5.40
  3.15
  2.40
  2.35
  3.19
  2.52
  3.23
  3.23
  8.01
  3.56
  3.15
  3.10
  2.03
  3.63
  3.23
  7.34
  3.96
  3.15
  3.10
  3.32
  4.03
  2.73
  2.78
  3.10
  2.62
  2.73
  6.82
  8.70
  8.59
  3.44
  3.71
  3.23
  2.97
  2.97
  2.73
  4.75
  4.13
  2.87
  6.40
  4.20
  3.01
  2.10
  4.26
  2.29
  7.42
  3.89
  3.06
  3.48
  3.19
  3.32
  3.28
  4.03
  8.86
  3.01
  2.10
  5.00
  5.98
  2.03
  3.36
  9.04
  4.20
  8.44
  4.06
  4.10
  3.52
  2.52
  2.73
  7.92
  6.47
  3.56
  3.06
  2.10
  7.38
  2.16
  8.51
  6.78
  2.78
  8.09
  3.85
  5.45
  2.78
  4.57
  3.06
  3.96
  9.60
  3.06
