Measured Diameters
  8.16
 10.09
  2.97
 10.29
  3.23
  2.67
  2.10
  3.06
  2.35
  2.97
  4.03
  2.67
  3.01
  5.43
  2.03
  2.97
  3.36
  2.03
  3.56
  8.60
  3.19
  4.66
  4.29
  2.62
  2.82
  2.57
  5.89
  3.19
  3.85
  2.46
  3.23
  2.87
  4.26
  2.97
  3.82
  6.21
 12.02
  2.03
  4.42
  6.55
  3.01
  3.19
  2.29
  3.60
  3.44
  2.03
  2.62
  2.87
  3.28
  4.42
  3.48
  9.70
  2.40
  2.67
  3.15
  3.40
  3.82
  3.15
  2.23
  2.67
  3.28
  2.78
  3.52
  2.92
  2.97
  3.06
  3.60
  3.40
  3.28
  3.48
  6.05
  3.01
