Measured Diameters
  3.96
  7.49
  3.10
  3.56
  2.82
  2.87
  7.25
  4.00
  5.98
  3.10
  3.36
  2.40
  3.40
  3.85
  3.23
  3.32
  2.10
  2.78
  3.32
  2.78
  7.02
  3.71
  4.48
  6.55
  3.28
  2.57
  2.62
  3.10
  2.92
  7.33
  5.63
  2.52
  2.78
  2.78
  3.01
  7.38
  3.48
  7.40
  2.23
  3.23
  3.71
  2.57
  5.48
  2.35
  4.89
  2.78
  3.15
  3.19
  2.29
  2.87
  3.63
  3.23
  3.19
  2.52
  3.19
  8.84
  3.23
  3.56
  3.78
  2.92
  3.23
  3.28
  4.03
  2.46
  3.44
  3.10
  3.93
  7.04
  3.40
  3.40
  2.67
  6.64
  2.82
  3.28
  2.46
  2.78
 18.28
  4.00
  2.57
  3.40
  3.93
  2.87
  3.60
  6.74
  4.00
  2.40
  6.51
  2.78
  2.87
  6.96
