Measured Diameters
  2.52
  5.60
  3.82
  2.03
  3.01
  3.78
  3.01
  2.46
  2.73
  8.31
 12.54
  2.73
  5.14
  2.35
  2.67
  6.76
  2.23
  6.61
  2.03
  3.01
  7.76
  2.67
  4.42
  2.52
  4.36
  5.45
  2.40
  2.82
  3.85
  3.56
  3.48
  3.01
  2.23
  2.73
  2.40
  3.32
  3.19
  7.90
  9.10
  3.40
 13.19
  3.06
  3.10
  4.39
  3.89
  4.20
  2.78
  2.82
  3.19
  3.32
  3.48
  8.67
  9.09
 10.14
  3.96
  4.36
  9.09
  3.15
  2.57
  3.78
  4.78
  4.00
  3.63
  2.52
  3.71
  3.19
  2.46
  3.19
  3.15
  6.74
  2.16
  7.90
