Measured Diameters
  4.36
  6.76
  9.33
  4.69
  2.82
  9.87
  4.63
 12.00
  3.40
  3.01
  2.52
  2.67
  8.65
  3.82
  4.26
  2.52
  3.44
  3.36
  4.26
  3.75
  4.48
  6.61
  5.03
  3.32
  2.97
  3.60
  3.32
  5.96
  2.57
  2.35
  2.78
  7.66
  4.13
  3.85
  9.01
  2.97
  4.36
  2.29
  9.97
  3.36
  3.60
  2.29
  2.92
  3.28
  2.40
  3.44
  3.28
  7.92
  3.78
  4.20
  6.92
  3.44
  3.36
  3.93
  5.32
  3.44
  2.62
  3.63
  5.32
  4.51
  5.63
  4.23
  2.67
  4.16
  2.97
  9.91
  2.78
  2.46
 10.33
  2.52
  4.72
  4.45
