Measured Diameters
  2.73
  7.92
  3.40
  8.68
  6.72
  3.89
  2.67
  2.67
  3.01
  4.42
  2.29
  2.87
  2.46
  2.23
  2.23
  2.52
  3.19
  2.73
  2.87
  2.16
  4.10
  2.97
  4.84
  5.11
  4.95
  2.57
  6.98
 14.35
 11.99
  2.16
  3.06
  3.63
  3.19
  2.62
  4.84
  3.28
  2.67
  3.23
  3.28
  3.78
  2.40
  2.87
  2.82
  8.93
  7.33
  4.36
  4.69
  7.92
  8.98
  2.87
  2.92
  2.78
  2.92
  3.75
  3.36
  3.36
  3.52
  2.10
  3.15
  9.77
 10.08
  3.06
 10.49
  4.63
  4.92
  2.03
  3.36
 17.80
  2.87
  4.36
 10.47
  3.36
  3.19
  3.28
  3.06
  8.76
  7.34
  3.01
