Measured Diameters
  2.92
  3.63
  4.06
  8.39
  3.15
  4.13
  4.10
  4.48
  3.67
  6.74
  2.97
  2.35
  2.92
  3.63
  6.55
  3.67
  2.03
  2.78
  2.87
  6.16
  2.97
  3.19
  3.28
  2.87
 14.27
  2.82
  2.23
  3.67
  3.44
  6.84
  3.19
  7.90
  3.52
  3.67
  3.44
  2.92
  4.20
  2.46
  8.43
  2.82
  3.36
  4.57
  7.64
  3.67
  3.52
  2.40
  3.36
  5.38
  3.19
  3.06
  2.82
  3.44
  2.82
  2.87
  8.36
  2.78
  2.62
  3.32
  3.15
  2.62
  3.56
  3.23
  3.06
  3.28
  3.01
  2.73
  3.06
  3.56
  4.20
  3.10
  4.20
  3.19
  3.15
  3.32
  3.60
  2.73
  6.53
  3.67
  3.06
  8.72
  3.19
  2.10
  3.15
  3.19
  2.78
  2.46
  3.63
  2.52
  3.23
  3.19
  2.57
  7.82
  2.40
  4.06
  2.40
  2.57
  6.27
  3.63
  2.16
  3.56
  3.36
  3.06
